-9.58
-9.54
-9.54
-9.54
-9.50
-9.46
-9.46
-9.50
-9.62
-9.50
-9.46
-9.46
-9.54
-9.54
-9.54
-9.62
-9.77
-9.81
-9.96
-10.04
-10.19
-10.15
-10.15
-10.19
-10.19
-10.30
-10.19
-10.15
-10.07
-10.00
-9.96
-9.84
-9.81
-9.73
-9.69
-9.58
-9.54
-9.39
-9.23
-8.96
-8.81
-8.73
-8.70
-8.70
-8.62
-8.70
-8.85
-8.96
-9.23
-9.23
-9.27
-9.27
-9.46
-9.46
-9.58
-9.58
-9.62
-9.77
-9.77
-9.88
-10.00
-10.11
-10.15
-10.15
-10.27
-10.15
-10.38
-10.57
-10.53
-10.42
-10.53
-10.23
-10.15
-10.00
-9.96
-9.96
-9.96
-9.88
-9.73
-9.69
-9.69
-9.50
-9.46
-9.50
-9.12
-8.89
-8.73
-8.58
-8.35
-8.08
-8.01
-7.85
-7.70
-7.58
-7.24
-7.09
-6.82
-6.51
-6.32
-6.13
-5.82
-5.29
-5.02
-4.56
-4.33
-4.06
-3.60
-3.56
-3.29
-3.26
-3.26
-3.49
-3.95
-4.87
-5.55
-6.78
-7.81
-8.85
-10.11
-11.19
-12.91
-13.87
-15.25
-15.94
-16.93
-17.20
-17.85
-18.00
-18.00
-18.43
-18.66
-18.12
-17.93
-17.85
-17.35
-16.82
-16.40
-15.59
-15.21
-14.60
-14.37
-13.60
-12.83
-12.22
-11.61
-11.11
-10.53
-10.11
-9.81
-9.58
-9.42
-9.16
-8.85
-8.81
-8.43
-7.66
-7.47
-7.43
-6.90
-6.67
-6.32
-6.09
-5.71
-5.44
-5.32
-4.90
-4.71
-4.52
-4.48
-4.41
-4.29
-4.29
-3.75
-3.41
-3.26
-2.95
-2.68
-2.64
-2.07
-1.92
-1.92
-1.34
-1.38
-1.46
-1.57
-1.80
-2.80
-3.64
-4.90
-5.94
-6.97
-8.96
-10.15
-12.30
-13.87
-16.13
-17.43
-19.08
-19.92
-20.53
-20.53
-21.07
-20.57
-20.42
-19.57
-19.08
-17.66
-17.43
-16.55
-15.36
-14.86
-13.75
-13.60
-12.03
-11.61
-10.38
-10.04
-9.39
-9.27
-8.58
-8.04
-7.81
-7.81
-7.20
-7.20
-6.93
-6.70
-6.67
-7.24
-7.16
-6.55
-5.71
-6.24
-6.17
-6.17
-6.17
-6.05
-6.01
-5.90
-5.82
-4.94
-5.90
-5.48
-4.98
-5.17
-4.94
-4.60
-4.67
-4.44
-4.33
-4.02
-3.72
-3.56
-3.37
-3.10
-2.80
-2.72
-2.95
-3.33
-4.02
-4.56
-5.82
-6.93
-8.16
-9.84
-11.26
-13.41
-14.56
-16.74
-17.97
-18.89
-19.31
-20.65
-21.34
-21.76
-21.64
-21.07
-20.38
-19.80
-18.66
-17.70
-16.43
-15.40
-14.63
-13.22
-12.37
-11.30
-10.50
-9.73
-9.35
-8.66
-8.47
-8.31
-7.78
-7.70
-7.20
-7.05
-6.90
-6.86
-6.97
-6.59
-6.55
-6.67
-6.40
-6.67
-6.44
-6.51
-6.40
-6.40
-6.21
-6.36
-6.28
-6.24
-6.28
-6.13
-6.32
-6.17
-6.13
-6.01
-5.98
-5.86
-5.63
-5.55
-5.29
-5.17
-4.79
-4.75
-4.83
-4.79
-4.64
-4.44
-4.14
-3.91
-3.83
-3.64
-3.56
-3.52
-3.45
-3.79
-4.52
-5.06
-5.63
-6.93
-8.24
-10.73
-12.41
-14.79
-16.40
-18.43
-19.31
-20.34
-20.65
-21.41
-21.84
-21.49
-21.41
-20.99
-20.03
-19.54
-18.50
-17.66
-16.13
-15.17
-14.37
-13.14
-12.22
-11.03
-10.34
-9.69
-9.31
-8.16
-8.08
-7.85
-7.35
-7.09
-6.74
-6.78
-6.24
-6.24
-6.74
-6.32
-6.51
-6.17
-6.09
-6.55
-6.40
-6.32
-5.98
-5.67
-5.75
-5.78
-5.75
-5.90
-5.90
-5.78
-6.05
-5.59
-5.90
-5.55
-5.48
-5.32
-5.25
-5.21
-5.02
-5.09
-4.98
-5.02
-5.06
-4.90
-4.75
-4.37
-3.91
-3.64
-3.41
-3.10
-2.49
-2.11
-1.72
-1.76
-1.99
-2.53
-3.41
-4.98
-6.44
-9.19
-10.84
-12.49
-13.29
-15.97
-17.62
-18.73
-19.88
-20.19
-21.57
-21.99
-22.03
-22.37
-22.26
-21.84
-20.92
-19.92
-19.31
-17.93
-17.05
-15.71
-14.90
-14.14
-12.64
-11.49
-10.80
-10.38
-9.65
-9.27
-8.89
-8.58
-8.12
-7.51
-8.01
-7.05
-7.13
-6.78
-6.63
-6.13
-6.09
-5.78
-5.86
-5.71
-5.67
-5.78
-5.71
-5.71
-5.71
-5.78
-5.06
-5.40
-5.44
-5.75
-5.71
-5.48
-5.55
-5.48
-5.40
-5.29
-5.21
-5.13
-4.98
-5.02
-4.94
-4.94
-5.06
-5.02
-4.98
-4.87
-4.94
-4.90
-4.83
-4.90
-5.02
-5.09
-4.87
-4.79
-4.83
-4.90
-5.36
-5.90
-7.32
-8.50
-10.42
-11.76
-14.06
-15.44
-16.47
-17.12
-19.08
-19.77
-19.88
-20.49
-20.15
-20.34
-20.30
-19.46
-18.92
-17.66
-17.09
-16.28
-15.02
-14.29
-13.22
-12.72
-12.03
-11.45
-10.07
-10.15
-9.84
-9.84
-8.93
-8.54
-8.27
-8.12
-7.97
-7.74
-7.62
-7.51
-8.04
-7.81
-6.74
-6.55
-6.74
-6.47
-6.55
-6.24
-6.63
-6.05
-5.98
-5.63
-5.71
-5.29
-5.55
-5.63
-5.36
-5.29
-5.32
-5.21
-5.29
-4.98
-4.90
-4.64
-4.44
-4.18
-4.14
-3.98
-3.64
-3.49
-3.37
-3.52
-3.49
-3.49
-3.56
-3.87
-4.25
-4.94
-5.44
-6.21
-7.78
-9.16
-11.03
-12.33
-14.10
-15.25
-16.70
-17.58
-18.39
-18.92
-19.77
-19.77
-19.96
-19.77
-19.65
-19.15
-18.54
-17.54
-16.89
-15.86
-14.98
-14.52
-13.60
-12.99
-12.30
-11.72
-11.07
-10.73
-10.23
-9.81
-9.54
-9.42
-9.23
-8.31
-7.97
-7.78
-7.55
-7.32
-7.16
-7.05
-6.59
-6.70
-6.67
-6.59
-6.36
-6.32
-6.40
-6.24
-6.13
-6.17
-6.24
-6.09
-5.98
-5.78
-5.71
-5.67
-5.55
-5.36
-5.21
-5.17
-4.98
-4.64
-4.52
-4.33
-4.29
-4.21
-4.18
-4.02
-3.83
-3.60
-3.60
-3.45
-3.56
-3.60
-3.95
-4.33
-4.64
-6.01
-7.24
-8.54
-10.23
-11.61
-13.14
-14.29
-15.59
-16.40
-17.39
-17.97
-18.43
-18.58
-18.46
-18.85
-17.58
-17.28
-17.12
-16.63
-16.24
-15.59
-14.94
-14.33
-14.10
-13.37
-12.95
-12.72
-12.22
-12.11
-11.49
-11.26
-10.69
-10.46
-10.46
-10.04
-9.54
-9.39
-9.27
-8.96
-8.58
-8.39
-6.86
-7.89
-7.62
-7.35
-7.16
-6.93
-7.05
-6.93
-6.90
-6.90
-6.67
-6.32
-6.17
-5.90
-5.94
-5.55
-5.40
-5.36
-5.29
-5.06
-4.98
-4.90
-4.71
-4.64
-4.60
-4.56
-4.48
-4.44
-4.41
-4.33
-3.98
-3.91
-3.68
-3.41
-3.14
-3.06
-3.10
-3.26
-3.68
-4.71
-5.63
-7.51
-8.62
-10.30
-10.30
-12.68
-14.44
-15.44
-16.89
-17.74
-18.69
-19.19
-19.42
-19.46
-19.42
-19.27
-18.92
-18.77
-17.74
-16.82
-16.43
-15.67
-14.71
-14.29
-13.71
-13.18
-12.72
-12.14
-11.88
-11.15
-10.46
-10.19
-9.92
-9.62
-9.12
-8.81
-8.66
-8.50
-8.31
-7.78
-8.54
-7.89
-6.36
-6.93
-7.09
-6.36
-6.40
-5.98
-5.86
-6.01
-6.09
-5.94
-5.75
-5.67
-5.40
-5.32
-5.25
-4.90
-4.52
-4.52
-4.44
-4.02
-3.75
-3.49
-3.45
-2.91
-2.87
-2.45
-2.41
-2.03
-1.57
-1.46
-1.88
-1.88
-2.45
-2.95
-4.25
-5.63
-6.97
-9.27
-10.76
-12.99
-14.52
-16.28
-17.31
-18.43
-18.92
-19.35
-20.03
-19.96
-19.84
-19.69
-19.57
-19.08
-18.54
-18.35
-17.20
-16.82
-16.59
-16.20
-15.25
-14.37
-13.83
-13.22
-12.64
-11.84
-11.34
-10.57
-10.11
-9.62
-9.62
-8.96
-8.27
-8.12
-7.39
-7.20
-7.09
-6.59
-6.59
-6.44
-6.17
-6.01
-6.09
-5.94
-5.75
-5.63
-5.44
-5.32
-5.36
-5.40
-5.44
-5.36
-5.09
-4.94
-4.67
-4.44
-4.37
-4.14
-3.91
-3.87
-3.91
-3.72
-3.64
-3.60
-3.56
-3.45
-3.37
-3.03
-2.68
-2.53
-2.41
-2.26
-2.07
-1.84
-2.76
-3.87
-5.82
-7.28
-8.89
-11.34
-12.79
-14.79
-16.05
-17.39
-18.16
-19.23
-19.57
-19.80
-19.84
-19.84
-19.65
-19.46
-18.81
-18.35
-17.62
-17.28
-16.47
-15.82
-14.94
-14.44
-13.94
-13.75
-12.64
-12.03
-11.57
-11.11
-10.65
-10.34
-9.50
-10.11
-9.65
-9.31
-8.66
-8.39
-7.85
-7.62
-7.51
-6.13
-7.20
-6.90
-7.09
-6.90
-6.59
-6.17
-6.21
-6.09
-6.01
-5.86
-5.40
-5.59
-5.36
-5.52
-5.36
-5.09
-5.13
-5.13
-4.90
-4.83
-4.90
-4.48
-4.37
-4.41
-4.06
-4.18
-3.87
-3.83
-3.68
-3.29
-3.18
-3.03
-2.91
-3.03
-3.03
-3.68
-4.90
-5.82
-7.55
-9.04
-10.73
-11.38
-14.21
-15.78
-16.66
-17.39
-17.85
-18.54
-18.58
-18.89
-18.96
-19.00
-18.31
-17.74
-17.20
-17.24
-16.20
-15.63
-15.02
-14.37
-13.41
-12.91
-12.30
-11.68
-11.26
-11.15
-10.42
-10.04
-9.84
-9.50
-9.31
-8.89
-8.62
-8.39
-8.12
-7.89
-7.62
-7.32
-7.09
-7.09
-6.70
-6.47
-6.09
-5.75
-5.75
-5.52
-5.40
-5.21
-5.17
-5.21
-5.29
-5.59
-4.60
-4.98
-4.79
-4.71
-4.52
-4.33
-4.25
-4.21
-4.02
-3.83
-3.87
-3.56
-3.72
-3.60
-3.37
-3.49
-3.33
-3.37
-3.52
-3.87
-4.14
-4.79
-5.09
-7.01
-8.96
-10.30
-12.60
-14.21
-16.24
-17.54
-18.58
-19.08
-19.96
-20.46
-20.61
-20.49
-20.15
-19.69
-19.38
-18.23
-18.77
-16.09
-16.05
-15.94
-14.60
-13.87
-12.79
-12.14
-10.99
-10.88
-9.96
-9.50
-9.23
-9.08
-8.20
-7.74
-7.43
-7.16
-6.82
-6.51
-6.09
-5.40
-6.13
-5.55
-5.06
-5.09
-4.98
-5.21
-4.79
-4.60
-5.13
-4.94
-4.90
-4.75
-4.75
-4.94
-4.75
-4.67
-4.75
-4.25
-4.44
-4.56
-3.95
-4.02
-4.06
-3.95
-3.98
-4.06
-3.87
-3.91
-3.72
-3.64
-3.68
-3.87
-4.02
-4.79
-5.63
-6.59
-8.47
-9.73
-11.99
-13.22
-14.67
-15.94
-16.86
-17.51
-18.69
-19.19
-19.46
-19.31
-19.19
-18.77
-18.43
-17.12
-17.66
-15.94
-15.78
-15.55
-14.48
-14.25
-13.48
-13.06
-12.14
-11.76
-11.03
-10.65
-10.19
-9.81
-9.46
-9.04
-8.73
-8.39
-6.97
-7.89
-7.74
-7.09
-7.28
-6.82
-6.63
-6.17
-5.78
-5.90
-5.78
-5.48
-5.48
-4.48
-5.36
-4.90
-4.67
-4.56
-4.25
-4.18
-4.02
-4.02
-3.64
-3.60
-3.60
-3.03
-4.02
-3.29
-3.45
-3.29
-3.41
-3.41
-3.37
-3.29
-3.33
-3.18
-3.10
-3.68
-4.02
-5.02
-5.40
-6.74
-7.78
-9.08
-9.58
-11.65
-13.45
-14.37
-15.63
-16.93
-18.00
-18.54
-19.23
-19.69
-20.00
-20.23
-20.23
-19.96
-19.73
-19.15
-18.50
-17.74
-16.97
-15.63
-15.21
-14.79
-13.83
-13.02
-12.33
-11.72
-10.99
-10.57
-10.11
-9.92
-9.42
-8.93
-8.47
-7.20
-7.85
-7.70
-8.54
-8.08
-6.51
-6.51
-6.13
-6.36
-6.05
-5.52
-5.32
-5.48
-5.55
-5.63
-5.55
-5.59
-5.55
-5.44
-5.32
-5.36
-5.13
-5.02
-5.02
-4.79
-5.02
-4.75
-4.56
-4.52
-4.44
-4.56
-4.44
-4.29
-3.95
-4.33
-4.25
-4.06
-4.14
-4.18
-4.14
-3.91
-3.87
-4.21
-4.33
-4.83
-5.36
-6.09
-7.09
-8.24
-9.65
-10.84
-12.53
-13.56
-15.09
-16.17
-17.31
-18.35
-19.04
-19.31
-19.65
-20.61
-20.19
-20.23
-20.19
-19.50
-18.89
-17.81
-16.89
-16.40
-16.09
-14.29
-13.41
-12.83
-11.95
-11.45
-10.73
-10.38
-9.81
-9.46
-8.39
-8.47
-8.62
-7.89
-7.47
-7.43
-7.20
-6.67
-6.32
-6.44
-6.32
-6.32
-6.09
-6.05
-5.98
-5.86
-5.94
-5.98
-5.40
-6.21
-6.17
-5.71
-5.86
-5.71
-5.75
-5.75
-5.44
-4.98
-4.75
-4.64
-4.29
-3.83
-3.75
-3.60
-3.33
-3.26
-2.99
-2.83
-2.60
-2.49
-2.34
-2.11
-1.99
-1.65
-1.95
-2.53
-3.06
-3.98
-5.78
-7.20
-9.69
-11.53
-13.94
-15.71
-17.09
-17.66
-19.19
-20.00
-20.07
-20.23
-20.15
-19.88
-19.69
-19.19
-18.73
-17.81
-17.05
-16.51
-15.44
-14.75
-14.14
-13.60
-12.83
-12.45
-11.84
-11.53
-10.99
-9.39
-10.61
-10.04
-10.07
-9.62
-9.39
-8.73
-9.88
-8.27
-8.85
-8.89
-8.31
-8.04
-7.62
-7.62
-7.43
-7.16
-7.16
-7.13
-6.86
-6.70
-6.47
-6.32
-6.36
-6.01
-5.82
-5.55
-5.21
-4.90
-4.60
-4.33
-4.29
-3.64
-3.56
-3.26
-2.80
-2.76
-2.64
-2.15
-2.15
-1.92
-2.30
-2.72
-3.06
-3.52
-4.79
-6.05
-7.16
-8.96
-10.11
-11.03
-11.53
-13.98
-15.51
-16.70
-18.16
-18.96
-19.65
-19.80
-19.96
-19.69
-19.69
-19.69
-19.08
-17.81
-17.28
-16.24
-15.71
-14.71
-14.14
-13.06
-12.45
-11.57
-11.57
-10.38
-9.96
-9.62
-9.19
-9.00
-8.66
-8.43
-8.20
-7.47
-7.55
-7.28
-7.28
-7.74
-7.16
-6.67
-6.90
-6.86
-6.47
-6.05
-6.09
-6.17
-5.82
-5.67
-5.32
-5.36
-4.98
-4.87
-4.75
-4.67
-4.48
-4.29
-4.25
-4.02
-3.98
-3.87
-3.49
-3.33
-3.18
-3.10
-2.95
-2.95
-2.83
-2.95
-2.80
-2.83
-3.22
-3.56
-3.83
-4.37
-5.02
-6.51
-7.55
-9.46
-10.96
-13.41
-14.79
-16.05
-16.70
-19.00
-19.54
-19.80
-20.07
-20.07
-19.27
-20.03
-18.54
-18.04
-18.12
-17.16
-16.59
-15.63
-15.05
-14.33
-13.83
-13.10
-12.76
-12.22
-11.72
-10.96
-10.61
-10.27
-10.15
-9.50
-9.23
-7.85
-8.58
-8.35
-7.93
-7.93
-7.28
-7.93
-7.89
-6.67
-7.28
-7.05
-6.93
-6.36
-5.82
-6.74
-6.09
-5.90
-5.82
-5.71
-5.40
-5.17
-5.21
-4.64
-4.56
-4.25
-4.25
-4.18
-3.83
-3.64
-3.52
-3.52
-3.56
-3.60
-3.64
-3.83
-3.95
-4.25
-4.56
-4.90
-5.13
-5.63
-6.24
-6.78
-7.55
-8.31
-9.42
-9.42
-10.92
-12.18
-13.10
-14.29
-15.21
-16.55
-16.93
-18.12
-18.46
-19.27
-19.61
-19.50
-19.00
-18.58
-17.70
-16.89
-15.97
-15.28
-14.40
-13.83
-13.37
-13.06
-12.26
-11.80
-11.30
-10.80
-10.42
-9.92
-9.69
-9.27
-8.89
-8.62
-8.24
-8.08
-7.66
-6.24
-7.24
-7.13
-7.05
-7.43
-7.01
-6.97
-6.51
-6.59
-6.28
-6.17
-5.78
-5.55
-5.32
-5.13
-4.87
-4.94
-4.79
-4.79
-4.71
-4.67
-4.48
-4.10
-4.21
-3.95
-3.83
-3.64
-3.64
-3.64
-3.56
-3.37
-3.33
-3.03
-2.76
-2.53
-2.68
-2.99
-3.60
-4.25
-5.48
-6.40
-8.20
-9.42
-10.92
-13.22
-14.56
-16.43
-17.43
-18.81
-19.35
-20.00
-20.38
-20.46
-20.57
-20.38
-19.92
-19.77
-19.35
-18.81
-16.97
-16.74
-16.13
-15.40
-14.67
-13.98
-13.33
-12.79
-12.45
-11.88
-11.30
-10.76
-10.27
-9.84
-9.50
-9.19
-9.04
-8.43
-7.24
-7.93
-7.43
-7.16
-7.01
-6.82
-6.63
-6.32
-6.55
-5.75
-5.71
-5.63
-5.40
-5.25
-5.21
-5.09
-4.79
-4.79
-4.41
-4.14
-4.18
-3.83
-3.83
-3.83
-3.64
-3.95
-3.29
-3.49
-3.14
-3.29
-3.33
-3.10
-3.03
-3.03
-2.91
-2.64
-2.60
-2.49
-2.76
-3.22
-3.95
-4.52
-6.05
-7.09
-8.24
-9.84
-11.22
-13.10
-14.60
-16.28
-17.24
-18.62
-19.27
-19.54
-19.88
-20.42
-19.65
-19.88
-20.00
-19.61
-18.66
-17.93
-16.97
-16.20
-15.55
-15.21
-13.79
-12.95
-12.49
-11.68
-11.03
-10.92
-10.57
-9.92
-9.58
-9.39
-8.77
-8.70
-8.24
-7.93
-7.58
-7.32
-6.93
-6.59
-6.40
-6.09
-6.59
-6.97
-6.55
-4.98
-5.59
-5.55
-4.90
-5.25
-5.32
-5.09
-4.83
-4.67
-4.56
-4.29
-3.95
-3.79
-3.79
-3.49
-3.49
-3.22
-3.14
-2.99
-2.80
-2.57
-2.26
-2.11
-2.11
-2.18
-2.45
-3.03
-3.33
-5.09
-6.93
-8.27
-10.38
-11.95
-13.56
-14.37
-16.82
-18.43
-19.42
-20.42
-20.92
-21.45
-21.61
-21.57
-21.07
-20.26
-19.84
-19.38
-18.62
-17.54
-16.47
-15.59
-14.44
-13.60
-12.72
-11.95
-11.11
-10.65
-10.19
-9.96
-9.27
-8.70
-8.47
-8.04
-7.85
-7.66
-7.47
-6.36
-6.70
-6.82
-6.05
-6.13
-5.75
-6.21
-6.09
-5.44
-6.17
-5.67
-5.82
-5.32
-5.29
-5.21
-5.13
-4.98
-5.06
-4.83
-4.64
-4.67
-4.44
-4.18
-4.14
-3.91
-3.98
-3.91
-3.95
-3.79
-3.68
-3.79
-3.60
-3.41
-3.49
-3.37
-3.22
-3.29
-3.56
-4.25
-4.87
-5.78
-7.24
-8.54
-10.53
-11.99
-14.06
-15.28
-16.89
-18.08
-18.96
-19.84
-20.42
-20.65
-20.76
-21.03
-20.88
-20.38
-19.27
-18.35
-17.12
-16.86
-16.55
-14.98
-14.10
-12.83
-12.18
-11.49
-10.69
-10.11
-9.62
-9.35
-8.96
-8.50
-8.20
-7.70
-7.51
-7.28
-7.01
-6.97
-6.44
-6.24
-5.90
-5.71
-5.59
-5.32
-5.25
-5.17
-4.90
-4.41
-4.71
-4.83
-4.71
-4.71
-4.29
-4.18
-3.95
-3.72
-3.60
-3.52
-3.52
-3.72
-3.72
-3.79
-3.91
-3.91
-3.98
-3.98
-4.14
-4.29
-4.67
-4.71
-4.90
-5.36
-5.82
-6.51
-6.90
-7.97
-8.81
-9.65
-11.22
-12.56
-14.29
-15.51
-17.12
-18.04
-19.19
-19.77
-20.49
-20.69
-20.57
-20.38
-20.07
-19.42
-18.77
-17.70
-16.93
-15.97
-15.32
-14.29
-13.71
-13.18
-12.83
-12.03
-11.15
-10.65
-9.92
-9.69
-9.39
-10.73
-7.66
-9.62
-8.16
-7.20
-7.62
-6.47
-6.59
-6.44
-6.44
-6.36
-5.06
-6.05
-5.32
-5.17
-5.52
-5.06
-5.06
-4.98
-4.87
-4.98
-4.83
-4.79
-4.90
-4.75
-4.75
-4.60
-4.33
-4.48
-4.44
-4.48
-4.64
-4.71
-4.64
-4.87
-4.98
-5.17
-5.67
-5.59
-5.75
-5.94
-5.75
-5.75
-5.55
-5.40
-5.48
-5.55
-5.63
-6.21
-7.28
-8.16
-9.69
-10.69
-12.64
-13.71
-15.17
-16.01
-16.82
-17.58
-18.16
-18.69
-18.89
-18.66
-18.81
-18.62
-18.46
-17.70
-17.31
-16.59
-16.32
-15.17
-14.14
-13.56
-12.99
-12.56
-11.99
-11.65
-11.38
-11.22
-10.84
-10.42
-11.03
-8.89
-9.73
-8.62
-8.39
-7.89
-7.35
-7.20
-7.16
-6.74
-6.44
-5.44
-6.01
-5.90
-5.55
-5.40
-5.52
-4.98
-5.06
-4.64
-4.75
-4.52
-4.25
-4.14
-4.37
-3.68
-4.10
-3.95
-3.72
-3.75
-3.91
-4.02
-4.02
-4.06
-4.21
-4.29
-4.37
-4.60
-4.75
-4.79
-4.71
-4.87
-4.79
-4.90
-4.90
-5.13
-5.48
-5.90
-6.78
-7.47
-8.89
-9.65
-10.65
-11.11
-13.41
-15.13
-16.28
-17.74
-18.39
-19.08
-19.46
-19.65
-19.42
-19.31
-18.89
-18.50
-17.70
-17.05
-16.47
-15.90
-15.09
-14.63
-13.79
-13.22
-12.26
-11.91
-11.45
-11.26
-10.57
-10.11
-11.45
-8.43
-10.46
-8.66
-8.27
-8.16
-7.51
-7.39
-7.66
-7.32
-7.05
-6.97
-6.70
-6.51
-6.36
-6.28
-6.44
-6.97
-6.13
-6.44
-6.17
-5.94
-6.01
-5.67
-5.63
-5.40
-5.25
-5.09
-4.83
-4.48
-4.29
-3.95
-4.06
-3.87
-4.06
-4.02
-3.98
-4.02
-4.18
-4.02
-3.98
-3.91
-3.41
-3.49
-3.29
-3.06
-3.33
-3.91
-4.79
-5.36
-6.82
-8.20
-9.42
-10.07
-12.99
-14.52
-15.48
-16.59
-17.31
-18.08
-18.66
-19.04
-19.42
-19.57
-20.00
-20.00
-19.42
-18.66
-17.81
-17.01
-15.90
-15.05
-14.21
-13.41
-12.72
-12.22
-11.72
-11.15
-10.69
-10.11
-9.96
-9.46
-9.31
-8.58
-8.50
-8.27
-8.01
-7.85
-7.58
-7.43
-7.97
-10.50
-7.01
-6.90
-6.21
-6.90
-6.28
-6.36
-6.44
-6.51
-6.28
-6.09
-5.63
-5.82
-5.94
-5.94
-5.44
-5.21
-5.06
-4.71
-4.56
-4.33
-4.33
-4.14
-3.98
-3.75
-3.64
-3.45
-3.29
-3.29
-3.10
-2.76
-2.53
-2.11
-1.95
-2.38
-2.60
-3.79
-5.36
-6.82
-9.23
-11.15
-13.83
-15.17
-16.51
-18.23
-18.96
-19.61
-19.84
-20.26
-20.26
-20.23
-20.23
-19.69
-19.31
-18.69
-18.31
-16.78
-15.82
-15.05
-14.06
-13.37
-12.64
-12.14
-11.61
-11.22
-10.61
-10.53
-9.81
-9.62
-9.42
-9.27
-9.23
-9.16
-9.31
-8.81
-8.31
-8.12
-7.89
-7.66
-7.47
-7.28
-7.81
-6.63
-6.59
-6.78
-6.55
-6.93
-6.78
-6.86
-6.59
-6.97
-6.78
-6.59
-6.47
-6.40
-6.28
-6.17
-5.94
-5.75
-5.52
-5.32
-5.17
-4.90
-4.64
-4.48
-4.14
-3.87
-3.49
-3.06
-2.72
-1.92
-1.72
-1.46
-1.19
-0.96
-1.69
-2.30
-3.52
-4.79
-6.05
-6.78
-10.34
-13.25
-15.13
-17.39
-18.50
-19.50
-19.92
-20.57
-20.92
-20.84
-20.53
-19.57
-18.66
-17.93
-16.78
-15.86
-14.90
-14.14
-13.22
-12.87
-12.33
-12.03
-10.92
-10.34
-10.04
-9.27
-8.93
-8.58
-8.12
-8.01
-7.89
-7.74
-6.01
-7.66
-7.97
-7.28
-6.93
-6.97
-8.16
-6.51
-7.43
-7.74
-7.55
-7.32
-6.93
-7.62
-7.55
-7.55
-8.01
-7.93
-8.31
-7.85
-8.01
-8.31
-8.24
-8.27
-8.39
-8.58
-8.27
-8.43
-8.58
-8.50
-8.54
-8.54
-8.62
-8.58
-8.70
-8.96
-8.89
-9.08
-9.08
-9.23
-9.35
-9.35
-9.42
-9.46
-9.27
-9.31
-9.19
-8.81
-8.96
-9.42
-9.19
-9.46
-9.50
-9.54
-9.65
-9.88
-9.65
-9.73
-9.81
