-9.54
-9.54
-9.54
-9.58
-9.54
-9.58
-9.46
-9.50
-9.54
-9.46
-9.46
-9.54
-9.50
-9.58
-9.50
-9.50
-9.46
-9.62
-9.58
-9.54
-9.58
-9.58
-9.46
-9.46
-9.50
-9.50
-9.54
-9.46
-9.46
-9.42
-9.50
-9.62
-9.54
-9.54
-9.54
-9.54
-9.46
-9.58
-9.58
-9.65
-9.50
-9.58
-9.62
-9.58
-9.62
-9.58
-9.50
-9.54
-9.62
-9.62
-9.58
-9.62
-9.65
-9.58
-9.54
-9.54
-9.50
-9.50
-9.58
-9.62
-9.65
-9.73
-9.69
-9.73
-9.77
-9.77
-9.77
-9.81
-9.69
-9.73
-9.69
-9.69
-9.73
-9.69
-9.62
-9.73
-9.62
-9.54
-9.62
-9.65
-9.65
-9.58
-9.54
-9.50
-9.65
-9.65
-9.62
-9.58
-9.58
-9.50
-9.58
-9.54
-9.58
-9.62
-9.69
-9.73
-9.62
-9.69
-9.81
-9.73
-9.65
-9.62
-9.62
-9.50
-9.54
-9.50
-9.46
-9.50
-9.46
-9.50
-9.42
-9.42
-9.35
-9.39
-9.35
-9.39
-9.31
-9.27
-9.35
-9.42
-9.50
-9.46
-9.39
-9.46
-9.35
-9.54
-9.50
-9.50
-9.54
-9.50
-9.39
-9.46
-9.58
-9.65
-9.62
-9.54
-9.58
-9.62
-9.62
-9.58
-9.54
-9.58
-9.58
-9.54
-9.58
-9.62
-9.69
-9.65
-9.65
-9.69
-9.73
-9.73
-9.65
-9.54
-9.73
-9.77
-9.81
-9.88
-9.81
-9.88
-9.88
-9.73
-9.69
-9.65
-9.62
-9.62
-9.62
-9.62
-9.65
-9.62
-9.58
-9.62
-9.69
-9.65
-9.73
-9.62
-9.69
-9.62
-9.77
-9.62
-9.65
-9.69
-9.62
-9.58
-9.69
-9.69
-9.69
-9.77
-9.77
-9.58
-9.58
-9.54
-9.58
-9.65
-9.65
-9.65
-9.58
-9.58
-9.58
-9.69
-9.62
-9.65
-9.69
-9.69
-9.81
-11.26
-10.07
-9.27
-9.12
-9.39
-9.39
-9.35
-9.54
-9.46
-9.42
-9.50
-9.46
-9.42
-9.58
-9.54
-9.46
-9.23
-9.35
-9.54
-9.46
-9.65
-9.62
-9.69
-9.69
-9.77
-9.81
-9.77
-9.77
-9.62
-9.69
-9.77
-9.73
-9.77
-9.81
-9.69
-9.69
-9.65
-9.69
-9.77
-9.54
-9.54
-9.58
-9.54
-9.65
-9.58
-9.39
-9.39
-9.46
-9.46
-9.35
-9.46
-9.46
-9.46
-9.31
-9.27
-9.42
-9.46
-9.50
-9.46
-9.42
-9.54
-9.54
-9.58
-9.58
-9.50
-9.62
-9.54
-9.62
-9.65
-9.58
-9.46
-9.50
-9.46
-9.54
-9.46
-9.65
-9.65
-9.54
-9.50
-9.54
-9.46
-9.50
-9.50
-9.42
-9.46
-9.58
-9.54
-9.39
-9.46
-9.50
-9.42
-9.46
-9.46
-9.42
-9.31
-9.35
-9.31
-9.35
-9.27
-9.12
-9.08
-9.19
-9.27
-9.31
-9.27
-9.27
-9.42
-9.42
-9.39
-9.42
-9.31
-9.23
-9.16
-9.04
-9.04
-8.77
-8.66
-8.47
-8.43
-8.47
-8.47
-8.54
-8.47
-8.73
-8.77
-8.77
-8.89
-8.85
-9.00
-9.08
-9.00
-9.04
-9.12
-9.16
-9.12
-9.27
-9.19
-9.35
-9.31
-9.35
-9.31
-9.35
-9.39
-9.31
-9.42
-9.50
-9.46
-9.50
-9.58
-9.62
-9.65
-9.69
-9.81
-9.92
-10.00
-10.11
-10.11
-10.27
-10.23
-10.30
-10.42
-10.38
-10.46
-10.38
-10.30
-10.27
-10.19
-10.30
-10.23
-10.11
-10.07
-10.04
-9.88
-9.92
-9.81
-9.81
-9.77
-9.69
-9.73
-9.69
-9.62
-9.62
-9.62
-9.54
-9.65
-9.65
-9.65
-9.65
-9.65
-9.73
-9.65
-9.81
-9.81
-9.81
-9.77
-9.92
-9.81
-9.77
-9.77
-9.88
-9.84
-9.73
-9.65
-9.62
-9.39
-9.39
-9.12
-9.12
-9.04
-9.00
-8.96
-8.93
-8.96
-8.96
-8.73
-8.77
-8.81
-8.73
-8.66
-8.77
-8.81
-9.00
-8.70
-8.66
-8.70
-8.62
-8.47
-8.58
-8.58
-8.50
-8.43
-8.39
-8.47
-8.50
-8.47
-8.54
-8.58
-8.70
-8.70
-8.85
-8.85
-8.96
-9.08
-8.96
-9.19
-9.12
-9.35
-9.42
-9.62
-9.58
-9.73
-9.62
-9.69
-9.88
-10.04
-9.96
-10.00
-10.04
-10.04
-10.04
-9.96
-9.88
-9.92
-9.84
-9.84
-9.81
-9.88
-9.81
-9.77
-9.88
-9.84
-9.88
-9.88
-9.92
-9.96
-9.92
-9.84
-9.81
-9.69
-9.65
-9.65
-9.69
-9.73
-9.58
-9.65
-9.81
-9.81
-9.73
-9.77
-9.77
-9.84
-9.81
-9.84
-9.84
-9.73
-9.65
-9.77
-9.84
-9.81
-9.73
-9.77
-9.73
-9.77
-9.65
-9.84
-10.00
-9.92
-10.00
-9.96
-10.00
-9.92
-10.00
-10.07
-10.00
-9.88
-9.96
-9.84
-9.84
-9.84
-9.84
-9.69
-9.69
-9.77
-9.77
-9.65
-9.65
-9.65
-9.62
-9.50
-9.50
-9.54
-9.46
-9.62
-9.46
-9.50
-9.50
-9.54
-9.50
-9.50
-9.35
-9.31
-9.23
-9.16
-9.12
-9.16
-9.08
-8.77
-8.85
-8.77
-8.93
-8.81
-8.70
-8.73
-8.66
-8.62
-8.70
-8.62
-8.50
-8.47
-8.50
-8.47
-8.43
-8.54
-8.47
-8.43
-8.43
-8.35
-8.31
-8.35
-8.31
-8.35
-8.47
-8.31
-8.31
-8.43
-8.35
-8.27
-8.39
-8.43
-8.50
-8.47
-8.35
-8.39
-8.47
-8.54
-8.54
-8.54
-8.50
-8.62
-8.70
-8.77
-8.77
-8.85
-8.89
-8.89
-9.08
-9.04
-9.04
-9.00
-9.08
-9.12
-9.08
-9.08
-9.23
-9.31
-9.27
-9.35
-9.31
-9.31
-9.39
-9.39
-9.39
-9.39
-9.42
-9.46
-9.46
-9.62
-9.62
-9.69
-9.73
-9.77
-9.65
-9.65
-9.73
-9.77
-9.58
-9.62
-9.62
-9.69
-9.69
-9.62
-9.58
-9.50
-9.50
-9.35
-9.31
-9.39
-9.46
-9.62
-9.65
-9.65
-9.62
-9.73
-9.65
-9.54
-9.58
-9.46
-9.42
-9.46
-9.58
-9.73
-9.88
-9.96
-10.04
-10.07
-10.19
-10.27
-10.53
-10.50
-10.30
-10.30
-10.23
-10.23
-10.23
-10.23
-10.27
-10.11
-10.15
-10.11
-10.27
-10.15
-10.15
-10.11
-10.23
-10.15
-10.07
-10.11
-10.07
-9.92
-9.84
-9.69
-9.58
-9.54
-9.27
-9.27
-8.96
-8.70
-8.35
-8.31
-7.81
-7.74
-7.74
-7.74
-7.43
-7.51
-7.66
-7.66
-7.89
-8.01
-8.12
-8.31
-8.43
-8.54
-8.66
-8.77
-8.73
-9.12
-9.16
-9.19
-9.31
-9.54
-9.62
-9.65
-9.73
-9.69
-9.73
-9.77
-9.69
-9.69
-9.77
-9.81
-9.92
-9.88
-10.19
-10.11
-10.23
-10.11
-10.23
-10.27
-10.23
-10.19
-10.27
-10.30
-10.19
-10.27
-10.19
-10.04
-9.92
-9.84
-9.84
-9.69
-9.73
-9.58
-9.58
-9.39
-9.27
-9.19
-9.04
-8.89
-8.96
-8.73
-8.81
-8.70
-8.66
-8.89
-8.93
-8.93
-8.85
-8.85
-8.93
-8.81
-9.23
-9.23
-9.16
-9.16
-9.27
-9.27
-9.35
-9.42
-9.42
-9.42
-9.46
-9.35
-9.23
-9.23
-9.19
-9.42
-9.42
-9.35
-9.27
-9.31
-9.31
-9.31
-9.31
-9.50
-9.50
-9.50
-9.50
-9.42
-9.39
-9.31
-9.35
-9.27
-9.42
-9.46
-9.50
-9.54
-9.50
-9.58
-9.50
-9.58
-9.50
-9.42
-9.50
-9.46
-9.50
-9.50
-9.42
-9.39
-9.46
-9.46
-9.58
-9.65
-9.62
-9.62
-9.62
-9.58
-9.62
-9.54
-9.42
-9.46
-9.42
-9.42
-9.42
-9.42
-9.46
-9.39
-9.39
-9.23
-9.31
-9.31
-9.23
-9.31
-9.35
-9.35
-9.42
-9.54
-9.54
-9.58
-9.62
-9.39
-9.35
-9.27
-9.19
-9.08
-8.93
-8.89
-9.00
-9.00
-8.62
-8.70
-8.62
-8.62
-8.54
-8.62
-8.62
-8.62
-8.66
-8.81
-8.81
-8.89
-9.08
-9.39
-9.35
-9.46
-9.58
-9.65
-9.81
-9.81
-9.92
-9.81
-9.84
-9.88
-9.96
-10.04
-10.00
-10.15
-10.23
-10.15
-10.00
-9.96
-9.92
-10.00
-10.04
-9.96
-9.73
-9.69
-9.62
-9.77
-9.65
-9.62
-9.65
-9.77
-9.62
-9.81
-9.73
-9.77
-9.65
-9.50
-9.58
-9.54
-9.50
-9.50
-9.46
-9.46
-9.35
-9.35
-9.35
-9.23
-9.27
-9.31
-9.04
-8.96
-9.08
-9.00
-8.96
-9.04
-8.93
-8.96
-8.93
-9.04
-9.08
-9.00
-9.19
-9.19
-9.31
-9.35
-9.42
-9.35
-9.39
-9.35
-9.27
-9.19
-9.23
-9.16
-9.31
-9.46
-9.31
-9.42
-9.42
-9.58
-9.62
-9.65
-9.69
-9.65
-9.62
-9.46
-9.50
-9.42
-9.46
-9.46
-9.42
-9.54
-9.46
-9.50
-9.62
-9.58
-9.58
-9.54
-9.58
-9.46
-9.50
-9.39
-9.42
-9.42
-9.27
-9.35
-9.31
-9.35
-9.50
-9.50
-9.62
-9.58
-9.58
-9.42
-9.54
-9.42
-9.46
-9.46
-9.27
-9.46
-9.62
-9.42
-9.31
-9.23
-9.39
-9.46
-9.42
-9.50
-9.46
-9.50
-9.46
-9.46
-9.46
-9.58
-9.50
-9.62
-9.46
-9.62
-9.69
-9.46
-9.35
-9.39
-9.42
-9.31
-9.35
-9.23
-9.27
-9.35
-9.39
-9.39
-9.35
-9.39
-9.39
-9.50
-9.46
-9.42
-9.50
-9.58
-9.58
-9.65
-9.69
-9.62
-9.46
-9.58
-9.58
-9.58
-9.58
-9.58
-9.50
-9.58
-9.50
-9.54
-9.50
-9.46
-9.35
-9.50
-9.50
-9.58
-9.65
-9.50
-9.46
-9.54
-9.62
-9.58
-9.54
-9.58
-9.62
-9.42
-9.39
-9.46
-9.50
-9.50
-9.35
-9.54
-9.46
-9.46
-9.42
-9.46
-9.46
-9.39
-9.46
-9.46
-9.39
-9.35
-9.54
-9.50
-9.54
-9.58
-9.62
-9.54
-9.65
-9.62
-9.54
-9.54
-9.65
-9.46
-9.50
-9.46
-9.50
-9.54
-9.54
-9.62
-9.50
-9.54
-9.62
-9.54
-9.58
-9.54
-9.54
-9.46
-9.35
-9.39
-9.35
-9.50
-9.50
-9.54
-9.54
-9.50
-9.50
-9.58
-9.73
-9.77
-9.69
-9.81
-9.88
-9.96
-9.88
-9.88
-9.84
-9.73
-9.81
-9.77
-9.84
-9.65
-9.69
-9.54
-9.62
-9.69
-9.65
-9.69
-9.62
-9.65
-9.65
-9.54
-9.50
-9.50
-9.54
-9.50
-9.31
-9.31
-9.50
-9.58
-9.39
-9.42
-9.35
-9.39
-9.23
-9.35
-9.42
-9.42
-9.42
-9.39
-9.50
-9.39
-9.35
-9.35
-9.39
-9.46
-9.39
-9.46
-9.46
-9.54
-9.58
-9.58
-9.39
-9.50
-9.54
-9.46
-9.46
-9.50
-9.42
-9.35
-9.35
-9.35
-9.42
-9.35
-9.46
-9.50
-9.54
-9.58
-9.46
-9.50
-9.58
-9.50
-9.62
-9.50
-9.39
-9.39
-9.39
-9.39
-9.42
-9.39
-9.23
-9.31
-9.35
-9.42
-9.35
-9.31
-9.39
-9.46
-9.35
-9.42
-9.50
-9.54
-9.58
-9.42
-9.50
-9.62
-9.54
-9.58
-9.58
-9.65
-9.27
-9.35
-9.42
-9.42
-9.50
-9.46
-9.46
-9.58
-9.54
-9.42
-9.42
-9.39
-9.42
-9.35
-9.42
-9.46
-9.42
-9.58
-9.65
-9.65
-9.65
-9.77
-9.73
-9.69
-9.81
-9.69
-9.77
-9.58
-9.58
-9.58
-9.54
-9.50
-9.50
-9.42
-9.39
-9.35
-9.23
-9.27
-9.35
-9.39
-9.39
-9.23
-9.46
-9.50
-9.50
-9.31
-9.39
-9.35
-9.16
-9.23
-9.39
-9.46
-9.35
-9.27
-9.27
-9.08
-9.23
-9.39
-9.39
-9.42
-9.39
-9.77
-9.58
-9.46
-9.42
-9.50
-9.46
-9.62
-9.69
-9.58
-9.39
-9.54
-9.42
-9.50
-9.42
-9.42
-9.35
-9.39
-9.31
-9.46
-9.42
-9.27
-9.42
-9.46
-9.62
-9.65
-9.81
-9.73
-9.46
-9.39
-9.46
-9.50
-9.42
-9.39
-9.31
-9.16
-9.12
-8.81
-8.77
-8.93
-8.93
-8.96
-9.04
-9.23
-9.46
-9.16
-9.12
-9.23
-9.19
-9.00
-8.85
-8.85
-8.93
-8.89
-9.00
-8.96
-9.12
-9.31
-9.39
-9.35
-9.54
-9.58
-9.62
-9.73
-9.73
-9.65
-9.65
-9.50
-9.46
-9.12
-9.19
-9.31
-9.42
-9.46
-9.46
-9.54
-9.54
-9.54
-9.73
-9.65
-9.69
-9.69
-9.65
-9.62
-9.69
-9.62
-9.50
-9.69
-9.77
-9.65
-9.81
-9.73
-9.69
-9.65
-9.62
-9.65
-9.73
-9.69
-9.81
-9.88
-10.04
-9.88
-9.84
-9.62
-9.46
-9.35
-9.23
-8.85
-8.77
-8.85
-8.85
-8.93
-9.08
-8.96
-8.93
-8.93
-8.85
-8.66
-8.66
-8.66
-8.58
-8.47
-8.47
-8.27
-8.39
-8.35
-8.50
-8.62
-8.73
-8.89
-8.93
-9.04
-9.04
-9.08
-8.96
-9.04
-9.00
-8.93
-9.00
-8.96
-8.93
-8.96
-9.00
-9.00
-9.00
-9.04
-9.16
-9.12
-9.27
-9.19
-9.19
-9.42
-9.46
-9.58
-9.58
-9.69
-9.73
-9.62
-9.69
-9.58
-9.62
-9.69
-9.77
-9.84
-9.88
-9.92
-9.92
-9.88
-10.04
-9.96
-9.96
-10.00
-9.84
-9.88
-9.77
-9.73
-9.65
-9.69
-9.46
-9.35
-9.46
-9.39
-9.35
-9.58
-9.58
-9.77
-9.81
-9.77
-9.77
-9.92
-9.92
-9.88
-9.88
-9.88
-9.84
-9.81
-9.77
-9.62
-9.58
-9.54
-9.54
-9.58
-9.58
-9.54
-9.46
-9.46
-9.39
-9.42
-9.50
-9.50
-9.62
-9.58
-9.73
-9.73
-9.77
-9.81
-9.69
-9.73
-9.69
-9.73
-9.77
-9.62
-9.62
-9.69
-9.69
-9.69
-9.58
-9.58
-9.62
-9.65
-9.77
-9.69
-9.62
-9.62
-9.58
-9.58
-9.46
-9.54
-9.54
-9.50
-9.46
-9.50
-9.35
-9.16
-8.96
-8.96
-9.00
-8.89
-9.00
-8.81
-8.89
-8.89
-8.81
-8.85
-8.93
-8.81
-8.85
-8.81
-8.93
-9.00
-8.81
-8.85
-8.73
-8.77
-8.85
-9.00
-9.08
-8.96
-9.08
-8.93
-9.00
-9.16
-9.19
-9.27
-9.23
-9.23
-9.31
-9.50
-9.46
-9.46
-9.39
-9.50
-9.50
-9.54
-9.54
-9.65
-9.77
-9.73
-9.73
-9.77
-9.73
-9.73
-9.81
-9.77
-9.81
-9.73
-9.81
-9.77
-9.73
-9.77
-9.69
-9.77
-9.73
-9.77
-9.77
-9.81
-9.77
-9.81
-9.77
-9.73
-9.81
-9.88
-9.77
-9.77
-9.69
-9.69
-9.73
-9.65
-9.50
-9.50
-9.50
-9.46
-9.46
-9.35
-9.46
-9.42
-9.46
-9.50
-9.54
-9.69
-9.65
-9.65
-9.69
-9.69
-9.65
-9.58
-9.62
-9.39
-9.39
-9.39
-9.46
-9.39
-9.42
-9.27
-9.35
-9.31
-9.27
-9.27
-9.27
-9.35
-9.54
-9.50
-9.58
-9.65
-9.54
-9.50
-9.62
-9.65
-9.69
-9.62
-9.65
-9.65
-9.58
-9.58
-9.62
-9.50
-9.54
-9.54
-9.54
-9.23
-9.16
-9.19
-9.23
-9.12
-9.08
-9.08
-9.12
-9.16
-9.27
-9.12
-9.16
-9.04
-9.08
-9.08
-8.89
-8.93
-8.89
-8.70
-8.58
-8.47
-8.43
-8.47
-8.54
-8.66
-8.58
-8.47
-8.54
-8.43
-8.35
-8.39
-8.43
-8.35
-8.27
-8.24
-8.16
-8.12
-8.16
-8.27
-8.35
-8.54
-8.66
-9.08
-9.12
-9.39
-9.46
-9.65
-9.69
-9.62
-9.69
-9.73
-9.77
-9.54
-9.65
-9.65
-9.54
-9.58
-9.73
-9.81
-9.73
-9.77
-9.69
-9.69
-9.65
-9.65
-9.46
-9.42
-9.35
-9.35
-9.42
-9.42
-9.42
-9.39
-9.39
-9.27
-9.35
-9.19
-9.19
-9.12
-9.04
-9.04
-8.93
-9.08
-9.31
-9.46
-9.62
-9.58
-9.69
-9.84
-9.84
-9.84
-9.88
-10.07
-10.15
-10.19
-10.50
-10.61
-10.61
-10.69
-10.80
-10.80
-10.84
-10.96
-10.92
-10.84
-10.96
-10.99
-10.84
-10.88
-11.03
-11.03
-11.03
-10.80
-10.80
-10.73
-10.61
-10.38
-10.19
-10.19
-10.00
-9.92
-9.88
-9.73
-9.65
-9.42
-9.35
-9.35
-9.23
-9.27
-9.16
-9.19
-9.23
-9.16
-9.00
-8.89
-8.85
-8.77
-8.85
-8.85
-8.70
-8.70
-8.81
-8.73
-8.70
-8.66
-8.73
-8.85
-8.89
-8.85
-8.77
-8.85
-8.89
-8.96
-8.85
-8.96
-8.89
-8.93
-8.93
-8.96
-8.89
-9.08
-9.00
-9.12
-9.08
-9.19
-9.12
-9.08
-9.16
-9.08
-9.19
-9.19
-8.96
-9.04
-9.12
-9.08
-9.19
-9.16
-9.08
-9.08
-9.08
-8.96
-9.08
-9.08
-9.16
-9.04
-9.00
-9.08
-8.96
-8.93
-8.93
-9.04
-9.08
-9.00
-9.04
-9.08
-9.00
-8.96
-9.08
-9.12
-9.04
-8.93
-9.00
-9.04
-9.04
-9.08
-9.04
-9.27
-9.35
-9.35
-9.58
-9.50
-9.58
-9.58
-9.62
-9.62
-9.58
-9.62
-9.58
-9.62
-9.73
-9.73
-9.88
-9.84
-9.81
-9.77
-9.81
-9.92
-9.77
-9.88
-9.81
-9.81
-9.73
-9.73
-9.81
-9.81
-9.69
-9.65
-9.58
-9.62
-9.69
-9.62
-9.77
-9.65
-9.62
-9.73
-9.81
-9.73
-9.65
-9.73
-9.73
-9.65
-9.65
-9.65
-9.58
-9.54
-9.46
-9.65
-9.42
-9.42
-9.54
-9.58
-9.50
-9.42
-9.39
-9.23
-9.19
-9.12
-9.16
-8.96
-8.89
-8.89
-9.12
-9.12
-9.12
-9.19
-9.16
-9.16
-9.19
-9.08
-9.08
-9.04
-8.96
-8.85
-8.96
-9.16
-9.08
-9.04
-9.12
-9.04
-9.12
-9.19
-9.12
-9.08
-9.19
-9.27
-9.27
-9.42
-9.42
-9.31
-9.27
-9.35
-9.31
-9.42
-9.42
-9.46
-9.62
-9.69
-9.69
-9.73
-9.69
-9.62
-9.54
-9.54
-9.42
-9.46
-9.46
-9.46
-9.50
-9.39
-9.35
-9.42
-9.46
-9.50
-9.39
-9.50
-9.54
-9.46
-9.50
-9.65
-9.50
-9.46
-9.58
-9.62
-9.58
-9.58
-9.62
-9.54
-9.46
-9.50
-9.35
-9.19
-9.27
-9.35
-9.35
-9.31
-9.39
-9.46
-9.58
-9.58
-9.54
-9.54
-9.46
-9.46
-9.50
-9.46
-9.58
-9.58
-9.58
-9.50
-9.54
-9.46
-9.42
-9.50
-9.42
-9.31
-9.31
-9.31
-9.46
-9.35
-9.31
-9.35
-9.42
-9.46
-9.46
-9.50
-9.58
-9.62
-9.54
-9.65
-9.69
-9.62
-9.58
-9.69
-9.50
-9.54
-9.54
-9.50
-9.46
-9.58
-9.50
-9.35
-9.23
-9.23
-9.23
-9.23
-9.19
-9.23
-9.16
-9.27
-9.23
-9.23
-9.23
-9.39
-9.42
-9.39
-9.31
-9.31
-9.31
-9.19
-9.35
-9.04
-9.12
-9.12
-9.19
-9.12
-9.23
-9.19
-9.12
-9.12
-9.16
-9.16
-9.23
-9.16
-9.19
-9.23
-9.42
-9.35
-9.42
-9.35
-9.42
-9.39
-9.35
-9.35
-9.46
-9.35
-9.12
-9.31
-9.23
-9.23
-9.39
-9.39
-9.39
-9.31
-9.31
-9.39
-9.46
-9.58
-9.50
-9.58
-9.58
-9.50
-9.62
-9.65
-9.81
-9.73
-9.77
-9.77
-9.77
-9.88
-9.73
-9.69
-9.65
-9.65
-9.65
-9.65
-9.69
-9.62
-9.62
-9.46
-9.46
-9.35
-9.46
-9.39
-9.39
-9.39
-9.46
-9.58
-9.58
-9.46
-9.50
-9.50
-9.54
-9.50
-9.58
-9.58
-9.62
-9.62
-9.65
-9.62
-9.62
-9.54
-9.54
-9.54
-9.58
-9.54
-9.54
-9.42
-9.62
-9.58
-9.58
-9.50
-9.42
-9.42
-9.42
-9.39
-9.39
-9.31
-9.31
-9.27
-9.27
-9.35
-9.31
-9.27
-9.19
-9.23
-9.16
-9.23
-9.12
-9.12
-9.31
-9.19
-9.19
-9.08
-9.12
-9.23
-9.16
-9.16
-9.19
-9.35
-9.16
-9.23
-9.39
-9.12
-9.08
-9.39
-9.27
-9.27
-9.23
-9.35
-9.35
-9.31
-9.46
-9.42
-9.62
-9.62
-9.58
-9.62
-9.58
-9.58
-9.62
-9.58
-9.65
-9.73
-9.58
-9.58
-9.62
-9.46
-9.42
-9.46
-9.46
-9.46
-9.46
-9.46
-9.50
-9.50
-9.50
-9.62
-9.65
-9.77
-9.73
-9.69
-9.65
-9.69
-9.65
-9.73
-9.65
-9.69
-9.69
-9.73
-9.54
-9.58
-9.39
-9.31
-9.16
-9.42
-9.46
-9.42
-9.35
-9.50
-9.54
-9.46
-9.50
-9.54
-9.58
-9.54
-9.54
-9.62
-9.65
-9.69
-9.69
-9.58
-9.58
-9.62
-9.58
-9.58
-9.54
-9.62
-9.50
-9.42
-9.42
-9.42
-9.58
-9.46
-9.54
-9.54
-9.54
-9.46
-9.42
-9.50
-9.58
-9.58
-9.58
-9.62
-9.50
-9.35
-9.46
-9.42
-9.54
-9.54
-9.46
-9.42
-9.31
-9.23
-9.27
-9.16
-9.12
-9.00
-9.08
-9.04
-9.00
-9.16
-9.04
-9.12
-9.08
-9.27
-9.23
-9.23
-9.27
-9.16
-9.16
-9.31
-9.31
-9.31
-9.08
-9.16
-9.12
-9.08
-9.16
-9.12
-8.93
-8.93
-9.12
-9.12
-9.12
-9.16
-9.19
-9.31
-9.27
-9.35
-9.23
-9.35
-9.35
-9.42
-9.35
-9.42
-9.46
-9.35
-9.39
-9.39
-9.39
-9.27
-9.42
-9.42
-9.35
-9.35
-9.42
-9.27
-9.42
-9.46
-9.42
-9.31
-9.31
-9.35
-9.42
-9.54
-9.42
-9.39
-9.50
-9.54
-9.54
-9.58
-9.46
-9.46
-9.46
-9.62
-9.39
-9.35
-9.31
-9.39
-9.46
-9.27
-9.31
-9.50
-9.50
-9.50
-9.50
-9.50
-9.42
-9.42
-9.46
-9.39
-9.31
-9.27
-9.35
-9.35
-9.39
-9.35
-9.46
-9.31
-9.31
-9.27
-9.31
-9.39
-9.31
-9.31
-9.31
-9.27
-9.27
-9.46
-9.46
-9.46
-9.58
-9.54
-9.58
-9.62
-9.46
-9.46
-9.50
-9.46
-9.42
-9.39
-9.39
-9.46
-9.54
-9.50
-9.46
-9.46
-9.42
-9.46
-9.58
-9.54
-9.50
-9.58
-9.54
-9.50
-9.62
-9.65
-9.54
-9.54
-9.50
-9.46
-9.62
-9.62
-9.58
-9.62
-9.62
-9.58
-9.42
-9.50
-9.58
-9.46
-9.31
-9.39
-9.23
-9.46
-9.54
-9.23
-9.27
-9.39
-9.39
-9.27
-9.35
-9.35
-9.27
-9.50
-9.42
-9.27
-9.31
-9.42
-9.31
-9.35
-9.27
-9.35
-9.35
-9.35
-9.35
-9.39
-9.31
-9.35
-9.46
-9.42
-9.42
-9.42
-9.35
-9.39
-9.39
-9.31
-9.23
-9.23
-9.39
-9.39
-9.46
-9.35
-9.39
-9.27
-9.35
-9.42
-9.50
-9.27
-9.23
-9.23
-9.31
-9.31
-9.19
-9.27
-9.16
-9.23
-9.39
-9.23
-9.27
-9.31
-9.31
-9.23
-9.27
-9.35
-9.19
-9.19
-9.16
-9.12
-9.19
-9.31
-9.35
-9.39
-9.31
-9.31
-9.31
-9.16
-9.16
-9.08
-9.12
-9.12
-9.12
-9.08
-9.00
-9.27
-9.23
-9.16
-9.23
-9.27
-9.27
-9.35
-9.39
-9.27
-9.31
-9.31
-9.27
-9.19
-9.12
-9.27
-9.31
-9.35
-9.46
-9.46
-9.39
-9.50
-9.42
-9.42
-9.46
-9.58
-9.62
-9.58
-9.46
-9.42
-9.62
-9.46
-9.42
-9.46
-9.46
-9.62
-9.50
-9.54
-9.54
-9.58
-9.58
-9.58
-9.58
-9.58
-9.46
-9.54
-9.50
-9.50
-9.42
-9.42
-9.58
-9.54
-9.42
-9.35
-9.46
-9.46
-9.46
-9.46
-9.35
-9.42
-9.46
-9.46
-9.46
-9.50
-9.46
-9.42
-9.50
-9.46
-9.50
-9.46
-9.46
-9.54
-9.39
-9.39
-9.27
-9.27
-9.35
-9.39
-9.39
-9.39
-9.42
-9.39
-9.42
-9.54
-9.42
-9.42
-9.42
-9.42
-9.31
-9.19
-9.16
-9.19
-9.16
-9.16
-9.16
-9.16
-9.08
-9.00
-8.96
-9.00
-8.89
-8.96
-9.08
-9.12
-9.19
-9.19
-9.23
-9.23
-9.27
-9.27
-9.19
-9.31
-9.35
-9.31
-9.35
-9.31
-9.27
-9.46
-9.50
-9.42
-9.50
-9.58
-9.58
-9.65
-9.62
-9.58
-9.46
-9.50
-9.58
-9.50
-9.50
-9.39
-9.42
-9.31
-9.31
-9.31
-9.31
-9.19
-9.23
-9.35
-9.31
-9.35
-9.27
-9.19
-9.19
-9.19
-9.31
-9.39
-9.42
-9.31
-9.35
-9.19
-9.23
-9.31
-9.39
-9.39
-9.42
-9.31
-9.23
-9.00
-9.12
-9.08
-9.23
-9.08
-9.19
-9.08
-8.96
-9.08
-9.12
-9.12
-9.16
-9.46
-9.50
-9.42
-9.39
-9.54
