-10.53
-10.61
-10.80
-10.88
-10.96
-11.11
-11.03
-10.96
-10.88
-10.76
-10.73
-10.73
-10.61
-10.61
-10.50
-10.42
-10.27
-10.30
-10.00
-9.96
-9.84
-9.84
-9.73
-9.58
-9.35
-9.16
-8.96
-8.73
-8.62
-8.66
-8.39
-8.04
-7.78
-7.85
-7.58
-7.47
-6.97
-6.70
-6.51
-6.05
-5.82
-5.06
-4.71
-3.83
-3.60
-3.75
-3.87
-4.25
-4.79
-5.40
-6.01
-6.32
-7.28
-7.55
-8.70
-8.70
-9.08
-9.39
-9.77
-10.46
-11.19
-11.99
-12.60
-13.18
-13.56
-13.91
-14.21
-14.75
-14.75
-15.09
-15.44
-15.48
-15.51
-15.78
-15.67
-15.28
-14.94
-14.37
-14.33
-13.25
-12.95
-12.26
-11.57
-10.84
-10.34
-9.58
-9.04
-8.24
-7.16
-6.21
-4.83
-4.33
-3.49
-2.57
-1.76
-1.00
-0.19
0.00
-0.08
-0.04
-0.11
-0.19
-0.69
-0.96
-1.88
-2.18
-3.22
-3.56
-3.98
-5.86
-6.24
-8.27
-8.50
-10.57
-11.53
-18.35
-16.70
-17.20
-18.66
-19.69
-19.96
-19.88
-19.65
-18.92
-18.27
-18.23
-17.47
-16.17
-15.51
-15.17
-14.75
-13.94
-13.25
-12.87
-11.95
-11.80
-10.65
-10.42
-9.19
-8.89
-7.74
-7.24
-6.59
-5.67
-4.94
-4.48
-3.87
-3.41
-3.37
-2.87
-2.60
-2.49
-2.49
-2.49
-2.34
-2.26
-2.26
-1.99
-1.95
-2.03
-2.03
-1.95
-2.03
-1.92
-2.34
-2.83
-3.18
-3.49
-4.67
-5.13
-6.86
-7.43
-8.27
-9.19
-12.14
-12.53
-14.14
-15.71
-16.86
-17.70
-18.43
-18.81
-18.92
-18.89
-18.62
-18.35
-17.93
-17.51
-16.97
-16.63
-15.94
-15.25
-14.94
-13.94
-13.56
-12.56
-12.22
-11.26
-10.92
-10.04
-9.69
-9.39
-8.43
-8.43
-7.28
-6.93
-6.28
-6.09
-5.44
-5.17
-4.60
-4.25
-3.91
-3.79
-3.60
-3.33
-3.22
-3.22
-3.22
-2.99
-2.91
-2.95
-2.91
-2.87
-2.72
-2.91
-3.26
-3.29
-3.45
-4.18
-4.29
-5.09
-5.48
-6.70
-7.13
-8.24
-9.39
-10.61
-12.33
-13.56
-14.86
-15.44
-17.62
-17.62
-18.69
-19.12
-19.35
-18.66
-19.46
-18.85
-17.62
-17.89
-17.05
-16.59
-16.20
-15.09
-14.71
-13.48
-12.68
-12.18
-11.95
-11.26
-10.96
-10.11
-9.96
-9.39
-9.16
-8.50
-8.24
-7.81
-7.39
-7.05
-6.70
-6.21
-5.78
-5.40
-5.02
-4.71
-4.56
-4.44
-4.21
-3.91
-3.68
-3.56
-3.49
-3.41
-3.33
-3.22
-3.29
-3.29
-2.95
-2.95
-2.80
-2.83
-2.76
-2.95
-2.99
-3.22
-3.33
-3.75
-4.21
-4.94
-5.32
-6.32
-7.32
-8.27
-9.42
-10.88
-12.07
-13.60
-14.94
-16.24
-17.01
-17.74
-18.43
-18.92
-19.12
-19.15
-18.96
-18.77
-18.20
-18.00
-17.20
-16.78
-15.48
-15.05
-13.83
-13.29
-12.49
-12.07
-10.99
-10.30
-9.84
-9.50
-9.19
-8.08
-8.08
-7.55
-7.32
-6.90
-6.40
-6.05
-5.55
-5.13
-4.83
-4.56
-4.52
-4.25
-3.56
-3.56
-3.10
-2.87
-2.68
-2.64
-2.68
-2.53
-2.45
-2.53
-2.95
-2.91
-3.06
-3.26
-4.29
-4.64
-5.32
-6.13
-7.13
-7.93
-9.12
-10.23
-11.38
-12.60
-13.87
-15.13
-16.36
-17.43
-18.27
-18.89
-19.31
-19.38
-19.46
-19.08
-18.92
-17.97
-17.54
-17.12
-15.90
-15.55
-13.91
-13.45
-12.49
-12.22
-11.15
-10.88
-10.15
-9.84
-9.16
-8.81
-8.47
-8.12
-7.74
-7.47
-7.13
-6.78
-6.51
-6.28
-5.94
-5.86
-5.52
-5.21
-5.02
-4.87
-4.64
-4.56
-4.41
-4.29
-4.33
-4.06
-3.95
-3.83
-3.75
-3.49
-3.49
-3.49
-3.29
-3.45
-3.14
-3.14
-3.18
-3.14
-2.99
-2.95
-3.14
-3.37
-3.60
-4.10
-4.75
-5.32
-6.17
-6.59
-6.93
-9.50
-9.50
-12.53
-14.02
-15.67
-17.39
-18.77
-19.27
-20.57
-20.84
-21.45
-21.49
-21.18
-19.80
-20.34
-21.26
-17.97
-17.20
-17.09
-16.32
-14.60
-13.87
-12.76
-11.91
-11.53
-10.50
-10.07
-9.58
-9.00
-8.50
-8.04
-7.81
-7.32
-6.78
-6.59
-5.98
-5.94
-5.29
-5.13
-4.90
-4.25
-4.25
-3.75
-3.83
-3.49
-3.45
-3.18
-3.18
-2.83
-2.87
-2.76
-2.64
-2.60
-2.53
-2.49
-2.64
-2.68
-2.80
-3.03
-3.49
-3.87
-4.44
-5.25
-6.21
-7.16
-8.47
-9.88
-11.45
-12.22
-14.33
-15.17
-17.24
-17.81
-19.35
-19.50
-19.92
-20.38
-20.38
-20.11
-20.03
-19.00
-19.00
-16.97
-16.51
-15.51
-14.48
-13.33
-12.45
-11.65
-10.80
-10.11
-9.73
-9.16
-8.85
-8.54
-7.62
-7.13
-6.70
-6.32
-5.82
-5.63
-5.02
-4.79
-4.33
-4.18
-3.60
-3.49
-2.99
-2.91
-2.83
-2.68
-2.57
-2.49
-2.45
-2.57
-2.68
-2.60
-2.60
-2.76
-2.91
-3.03
-3.10
-3.29
-3.56
-4.14
-4.64
-5.21
-5.55
-6.78
-7.24
-8.89
-9.42
-11.11
-11.72
-12.53
-14.90
-15.63
-17.58
-18.08
-19.42
-19.80
-20.42
-20.42
-20.42
-19.96
-19.50
-18.81
-17.77
-16.89
-15.82
-14.90
-13.87
-13.02
-11.99
-11.34
-10.42
-9.77
-9.19
-8.73
-8.24
-7.74
-7.55
-6.90
-6.74
-6.28
-6.09
-5.78
-5.71
-5.29
-5.13
-4.94
-4.90
-4.64
-4.41
-4.48
-4.10
-3.79
-3.33
-3.26
-3.06
-3.06
-2.87
-2.80
-2.68
-2.60
-2.64
-2.72
-2.76
-2.80
-2.80
-3.10
-3.29
-3.64
-4.10
-4.56
-4.75
-5.52
-5.71
-6.59
-6.93
-8.16
-8.54
-9.88
-10.23
-11.45
-12.64
-13.94
-15.48
-16.82
-18.12
-19.12
-20.19
-21.11
-21.91
-22.10
-22.06
-21.80
-21.80
-20.99
-21.26
-19.46
-18.43
-17.97
-15.82
-15.25
-13.41
-12.91
-11.72
-11.42
-11.03
-9.84
-9.84
-8.77
-8.47
-7.62
-7.32
-6.63
-6.32
-5.82
-5.52
-5.09
-4.83
-4.60
-4.25
-3.83
-3.79
-3.72
-3.60
-3.49
-3.29
-3.41
-3.14
-3.10
-2.95
-2.87
-2.91
-2.76
-2.72
-2.60
-2.45
-2.34
-2.26
-2.22
-2.22
-2.30
-2.60
-2.68
-2.87
-3.26
-3.29
-4.25
-4.25
-5.40
-6.44
-7.74
-9.46
-11.26
-13.33
-15.44
-17.16
-19.04
-19.80
-20.65
-22.64
-23.10
-23.94
-23.67
-23.10
-22.14
-20.84
-20.30
-18.85
-18.23
-16.01
-15.28
-13.22
-12.64
-11.45
-10.38
-9.46
-8.93
-8.12
-7.74
-7.24
-6.70
-6.40
-6.05
-5.82
-5.32
-4.75
-4.29
-4.14
-3.83
-3.45
-3.03
-2.80
-2.49
-2.34
-2.26
-2.18
-1.88
-1.72
-1.69
-1.34
-1.46
-1.34
-1.19
-1.26
-1.26
-1.46
-1.49
-1.65
-1.95
-2.26
-2.72
-3.41
-4.10
-4.75
-5.52
-6.51
-7.70
-8.93
-10.07
-11.57
-13.33
-15.02
-16.51
-17.93
-19.00
-19.38
-20.38
-20.57
-20.72
-20.65
-20.30
-19.96
-19.15
-18.73
-17.93
-17.09
-16.74
-15.13
-14.60
-12.56
-12.07
-11.03
-10.30
-9.62
-8.89
-8.08
-7.43
-6.63
-6.09
-5.52
-5.21
-4.94
-4.10
-4.10
-3.10
-2.80
-2.49
-2.41
-2.11
-1.95
-1.61
-1.57
-1.46
-1.46
-1.49
-1.38
-1.38
-1.53
-1.65
-1.76
-1.95
-1.95
-2.18
-2.57
-2.99
-3.29
-3.52
-3.98
-4.60
-5.36
-6.17
-7.43
-8.85
-10.38
-11.15
-13.83
-14.82
-17.62
-18.54
-20.76
-21.41
-21.99
-23.29
-23.29
-22.56
-22.18
-21.18
-20.61
-19.12
-18.54
-16.43
-15.78
-14.29
-13.14
-11.84
-10.76
-9.77
-8.93
-8.31
-7.51
-7.20
-6.67
-6.17
-5.82
-5.48
-5.17
-4.83
-4.56
-4.44
-4.02
-3.87
-3.68
-3.56
-3.45
-3.41
-3.14
-3.18
-3.10
-2.76
-2.80
-2.64
-2.49
-2.49
-2.49
-2.45
-2.53
-2.72
-2.76
-3.03
-3.29
-3.68
-4.02
-4.41
-4.90
-5.48
-6.24
-7.16
-8.01
-9.16
-10.11
-11.26
-12.53
-13.29
-15.05
-15.71
-17.58
-18.16
-19.57
-20.07
-20.99
-21.22
-21.38
-21.34
-20.92
-20.26
-19.54
-18.66
-17.62
-16.55
-16.01
-14.14
-13.06
-12.03
-11.07
-10.15
-9.35
-8.58
-7.66
-6.97
-6.67
-5.94
-5.78
-5.59
-4.90
-4.79
-4.25
-4.21
-3.95
-3.98
-3.72
-3.68
-3.37
-3.29
-3.06
-2.83
-2.76
-2.34
-2.07
-1.80
-1.72
-1.57
-1.49
-1.26
-1.38
-1.34
-1.61
-1.65
-1.95
-2.18
-2.53
-3.10
-3.75
-4.48
-4.90
-6.47
-7.05
-9.04
-9.50
-11.65
-12.41
-14.82
-15.36
-16.13
-18.31
-18.31
-19.57
-19.88
-20.53
-20.80
-20.99
-21.07
-20.80
-20.23
-19.73
-19.00
-18.04
-17.05
-15.94
-15.05
-14.06
-12.99
-12.18
-11.30
-10.38
-9.54
-8.96
-8.24
-7.81
-6.82
-6.59
-5.82
-5.55
-5.02
-4.87
-4.37
-4.21
-3.98
-3.83
-3.68
-3.49
-3.45
-3.26
-3.26
-3.22
-3.03
-2.91
-2.72
-2.60
-2.53
-2.41
-2.30
-2.26
-2.18
-2.15
-2.15
-2.11
-2.26
-2.57
-3.03
-3.72
-4.33
-4.79
-5.82
-6.55
-8.16
-8.66
-10.50
-11.30
-13.48
-14.33
-15.86
-17.16
-18.16
-19.12
-19.69
-20.07
-20.07
-20.03
-19.77
-19.15
-18.54
-17.77
-16.70
-15.86
-14.90
-13.75
-13.25
-11.91
-11.53
-10.30
-10.00
-9.16
-8.81
-8.70
-7.78
-7.47
-6.97
-6.74
-6.01
-5.90
-5.48
-5.32
-4.90
-4.79
-4.52
-4.21
-3.87
-3.75
-3.75
-3.52
-3.45
-3.33
-3.26
-3.10
-2.99
-2.99
-2.95
-2.95
-2.95
-2.68
-2.72
-2.72
-2.72
-2.68
-2.80
-3.14
-3.41
-4.21
-4.52
-4.98
-5.75
-6.01
-7.66
-8.20
-10.46
-11.07
-13.22
-13.87
-15.40
-16.86
-18.00
-18.89
-19.38
-19.77
-20.19
-20.23
-20.26
-19.96
-19.77
-19.23
-18.54
-17.74
-16.97
-16.20
-15.71
-14.52
-13.98
-12.64
-12.22
-11.07
-10.53
-9.39
-9.19
-8.50
-7.85
-6.93
-6.24
-5.90
-5.21
-4.71
-4.21
-4.06
-3.64
-3.26
-2.99
-2.76
-2.68
-2.49
-2.30
-2.30
-2.15
-2.22
-1.95
-1.80
-1.76
-1.72
-1.72
-1.88
-1.95
-2.41
-2.53
-3.14
-3.41
-4.29
-4.75
-6.09
-6.67
-7.74
-8.96
-10.42
-11.91
-13.52
-15.02
-16.20
-17.24
-18.08
-18.89
-19.35
-19.57
-19.54
-19.50
-19.27
-18.66
-18.00
-17.16
-16.66
-15.28
-14.82
-13.41
-12.95
-11.61
-11.19
-10.84
-9.84
-9.58
-8.54
-8.31
-7.62
-7.39
-6.67
-6.63
-6.28
-5.98
-5.71
-5.63
-5.29
-5.09
-4.90
-4.75
-4.64
-4.44
-4.37
-4.18
-4.06
-4.06
-3.64
-3.33
-3.18
-3.06
-3.03
-3.03
-2.95
-2.68
-2.72
-2.64
-2.60
-2.64
-2.72
-2.80
-3.03
-3.37
-3.60
-3.87
-5.06
-5.06
-6.13
-6.97
-8.01
-9.16
-10.42
-11.68
-12.79
-13.94
-15.09
-15.67
-16.28
-18.23
-18.23
-19.46
-19.73
-20.00
-20.07
-20.15
-20.23
-19.77
-19.73
-18.27
-18.20
-17.43
-16.47
-15.82
-15.28
-14.02
-13.33
-12.41
-11.76
-11.07
-10.27
-9.73
-9.31
-8.85
-8.12
-7.66
-7.05
-6.59
-6.21
-5.82
-5.36
-5.06
-4.75
-4.64
-4.37
-4.25
-4.25
-3.91
-3.87
-3.49
-3.37
-3.26
-3.18
-3.06
-2.99
-2.68
-2.68
-2.64
-2.68
-2.57
-2.53
-2.41
-2.49
-2.68
-3.26
-3.56
-4.21
-5.09
-6.09
-7.09
-8.20
-9.31
-10.57
-11.99
-13.10
-13.79
-15.40
-16.09
-17.31
-17.77
-18.77
-19.00
-19.27
-19.23
-19.04
-18.54
-18.20
-17.05
-16.59
-15.44
-15.05
-13.94
-13.64
-12.79
-11.84
-11.15
-10.46
-9.92
-9.35
-8.85
-8.20
-8.20
-7.28
-6.90
-6.47
-6.17
-5.94
-5.78
-5.59
-5.67
-5.25
-5.09
-5.02
-4.87
-4.79
-4.64
-4.37
-4.41
-4.29
-4.02
-3.79
-3.72
-3.60
-3.72
-3.72
-3.60
-3.49
-3.41
-3.37
-3.18
-3.33
-3.41
-3.64
-3.22
-3.79
-4.06
-4.14
-4.25
-5.06
-5.44
-6.97
-7.89
-8.66
-9.12
-10.73
-11.42
-13.06
-13.68
-15.09
-15.59
-16.93
-17.31
-17.93
-18.50
-18.77
-19.00
-19.04
-18.96
-18.46
-18.16
-17.54
-16.74
-16.28
-15.48
-14.44
-13.60
-12.99
-12.07
-11.15
-10.42
-10.07
-9.23
-8.96
-8.12
-8.04
-7.24
-7.01
-6.82
-6.44
-6.36
-5.90
-5.82
-5.63
-5.55
-5.17
-5.02
-4.67
-4.41
-4.21
-3.98
-3.75
-3.68
-3.45
-3.33
-3.45
-3.52
-3.45
-3.41
-3.49
-3.52
-3.83
-3.98
-4.18
-4.52
-4.64
-5.44
-5.71
-6.67
-7.13
-8.50
-9.04
-10.00
-11.19
-12.33
-13.29
-14.37
-15.51
-15.90
-17.24
-17.47
-17.81
-18.04
-18.27
-18.31
-18.08
-17.77
-17.24
-16.59
-16.01
-15.78
-15.40
-13.87
-13.18
-12.45
-11.80
-11.26
-10.53
-10.04
-9.84
-9.16
-8.81
-8.20
-7.97
-7.43
-7.16
-6.51
-6.28
-5.98
-5.52
-5.29
-4.79
-4.79
-4.33
-4.02
-3.83
-3.64
-3.52
-3.60
-3.49
-3.56
-3.49
-3.26
-3.14
-3.10
-2.76
-2.72
-2.60
-2.68
-2.72
-2.76
-2.91
-3.56
-3.87
-4.71
-5.13
-6.44
-6.86
-8.47
-9.04
-10.30
-10.92
-12.03
-12.72
-13.60
-14.52
-15.32
-16.01
-16.63
-17.05
-17.28
-17.43
-17.47
-17.54
-17.39
-17.05
-16.47
-15.94
-15.67
-14.71
-14.44
-13.29
-12.99
-11.99
-11.68
-10.76
-10.46
-9.92
-9.39
-9.08
-8.24
-8.24
-7.39
-7.16
-6.63
-6.47
-6.24
-5.94
-5.75
-5.52
-5.25
-5.13
-4.87
-4.79
-4.71
-4.64
-4.33
-4.14
-4.10
-3.83
-3.64
-3.49
-3.33
-3.18
-3.06
-3.10
-3.14
-3.56
-3.68
-4.18
-4.29
-4.90
-5.29
-5.90
-6.47
-7.13
-8.04
-8.85
-9.50
-9.88
-11.07
-11.95
-12.87
-13.75
-14.56
-15.36
-16.09
-16.40
-17.24
-17.43
-17.89
-17.93
-17.97
-17.70
-17.70
-16.97
-16.66
-15.78
-15.51
-14.37
-13.94
-12.83
-12.41
-11.42
-11.03
-10.38
-9.84
-9.31
-8.85
-8.47
-8.04
-7.51
-7.24
-6.74
-6.51
-6.24
-5.98
-5.78
-5.67
-5.67
-5.55
-5.36
-5.17
-4.94
-4.67
-4.52
-4.21
-4.02
-3.49
-3.49
-3.29
-3.29
-3.37
-3.56
-3.56
-4.14
-4.25
-4.75
-4.79
-5.25
-5.52
-5.94
-6.28
-6.90
-7.24
-7.78
-8.16
-8.81
-9.54
-10.04
-10.76
-11.42
-12.11
-12.72
-13.25
-13.87
-14.33
-14.63
-15.13
-15.28
-15.86
-15.97
-16.13
-16.20
-16.17
-16.09
-15.97
-15.63
-15.13
-14.67
-14.44
-13.71
-13.48
-12.68
-12.22
-11.53
-11.03
-10.57
-10.15
-9.88
-9.46
-9.08
-8.93
-8.58
-8.04
-7.93
-7.05
-6.67
-6.36
-6.28
-6.01
-5.86
-5.55
-5.48
-5.29
-5.36
-5.29
-5.25
-5.17
-4.98
-4.98
-4.87
-4.48
-4.37
-4.25
-3.98
-3.87
-3.75
-3.56
-3.49
-3.60
-3.37
-3.45
-3.68
-4.02
-4.37
-4.48
-5.06
-5.32
-6.40
-6.59
-7.66
-7.89
-8.24
-9.27
-9.54
-11.30
-11.80
-13.22
-13.68
-15.09
-15.55
-16.70
-16.97
-17.28
-17.77
-17.93
-18.04
-18.08
-18.04
-17.85
-17.54
-17.05
-16.55
-16.05
-15.48
-14.82
-14.02
-13.33
-12.87
-12.53
-11.49
-11.22
-10.27
-10.04
-9.46
-9.27
-8.70
-8.39
-8.04
-7.66
-7.32
-7.05
-6.78
-6.32
-6.21
-5.86
-5.75
-5.48
-5.06
-4.90
-4.60
-4.41
-4.29
-4.25
-4.14
-4.18
-3.83
-3.83
-3.56
-3.52
-3.33
-3.26
-3.33
-3.06
-2.99
-2.99
-3.18
-3.26
-3.83
-4.02
-4.71
-5.06
-5.75
-6.44
-7.28
-8.12
-9.00
-9.92
-10.73
-11.61
-12.56
-13.41
-14.33
-14.90
-15.63
-16.20
-16.70
-17.05
-17.20
-17.51
-17.47
-17.54
-17.54
-17.51
-17.24
-17.16
-16.17
-16.17
-15.02
-14.67
-13.83
-13.45
-12.64
-12.18
-11.38
-11.03
-10.38
-9.84
-9.42
-9.08
-8.66
-8.20
-7.78
-7.62
-7.32
-7.09
-6.74
-6.32
-6.13
-5.90
-5.63
-5.55
-5.29
-5.02
-4.87
-4.64
-4.41
-3.91
-3.83
-3.52
-3.45
-3.37
-3.26
-3.10
-3.06
-3.03
-2.91
-2.91
-3.18
-3.26
-3.41
-3.64
-4.10
-4.52
-4.94
-5.32
-5.67
-6.13
-6.70
-7.55
-7.55
-8.73
-9.58
-10.38
-11.26
-12.45
-13.37
-14.37
-14.94
-16.13
-16.47
-17.28
-17.43
-18.04
-18.04
-18.00
-17.97
-17.77
-17.51
-16.93
-16.43
-15.82
-15.05
-14.63
-13.75
-13.25
-12.53
-11.91
-11.22
-10.69
-10.15
-9.77
-9.27
-8.96
-8.35
-8.04
-7.81
-7.28
-7.20
-6.63
-6.44
-6.28
-6.24
-5.86
-5.75
-5.29
-5.29
-5.06
-4.83
-4.64
-4.37
-4.18
-3.83
-3.64
-3.33
-2.95
-2.99
-3.03
-2.99
-3.06
-3.22
-3.29
-3.56
-3.87
-4.14
-4.48
-4.94
-5.17
-5.86
-6.13
-6.78
-6.97
-8.08
-8.47
-9.58
-9.88
-10.27
-11.99
-12.37
-13.64
-14.10
-15.32
-15.71
-16.20
-16.78
-17.09
-17.12
-17.31
-17.31
-17.16
-16.97
-16.59
-16.09
-15.71
-15.36
-14.90
-14.33
-13.71
-13.18
-12.64
-12.03
-11.76
-10.92
-10.65
-10.00
-9.73
-8.96
-8.73
-7.97
-7.81
-7.28
-6.74
-6.40
-5.98
-5.90
-5.44
-5.21
-4.71
-4.44
-4.06
-3.83
-3.64
-3.41
-3.33
-3.33
-3.29
-3.22
-3.14
-3.14
-3.22
-3.22
-3.37
-3.56
-3.95
-4.21
-4.29
-5.13
-5.52
-6.55
-7.01
-8.31
-8.85
-10.04
-10.50
-11.68
-12.68
-13.71
-14.44
-15.25
-15.74
-16.43
-16.93
-17.20
-17.47
-17.58
-17.54
-17.47
-17.16
-16.78
-16.32
-16.17
-15.40
-15.21
-14.14
-13.71
-12.91
-12.49
-12.26
-10.96
-10.96
-10.00
-9.69
-9.04
-8.77
-8.04
-7.81
-7.01
-6.74
-6.32
-5.94
-5.48
-5.09
-4.83
-4.56
-4.33
-4.14
-3.91
-3.64
-3.56
-3.41
-3.37
-3.33
-3.06
-2.91
-2.91
-2.91
-2.80
-2.60
-2.53
-2.49
-2.38
-2.38
-2.38
-2.68
-2.99
-3.06
-4.18
-4.52
-5.98
-6.55
-8.24
-8.70
-9.81
-10.88
-12.03
-12.95
-13.98
-14.67
-15.44
-16.28
-16.74
-17.39
-17.81
-18.20
-18.35
-18.35
-18.27
-18.04
-17.77
-17.12
-16.74
-15.82
-15.28
-14.33
-13.91
-12.72
-12.30
-11.49
-10.76
-10.07
-9.42
-8.73
-8.12
-7.58
-7.09
-6.82
-6.09
-5.75
-5.44
-4.94
-4.79
-4.52
-4.29
-3.98
-3.83
-3.68
-3.37
-3.41
-3.22
-2.91
-2.91
-2.68
-2.72
-2.76
-2.80
-2.76
-2.76
-3.03
-3.18
-3.79
-3.95
-4.33
-4.71
-5.32
-5.98
-6.78
-7.74
-8.96
-9.84
-10.84
-12.07
-13.41
-14.82
-15.90
-17.01
-17.85
-18.58
-19.08
-19.35
-19.35
-19.31
-19.19
-18.50
-18.12
-17.12
-16.70
-16.28
-14.94
-14.48
-12.95
-12.49
-11.42
-11.03
-10.19
-9.92
-9.39
-8.85
-8.35
-7.89
-7.39
-6.93
-6.40
-5.98
-5.52
-5.13
-4.79
-4.44
-4.14
-3.64
-3.29
-2.91
-2.53
-2.26
-2.15
-2.03
-1.99
-1.99
-1.95
-2.26
-2.38
-2.57
-2.49
-2.87
-2.99
-3.03
-3.49
-3.75
-4.60
-4.94
-5.82
-6.70
-7.35
-8.35
-9.39
-10.23
-11.45
-12.64
-13.98
-14.37
-14.98
-16.36
-16.78
-18.04
-18.43
-18.73
-18.81
-18.73
-18.58
-18.00
-17.70
-16.82
-16.36
-15.21
-14.79
-13.56
-13.18
-12.37
-11.61
-10.88
-10.19
-9.58
-8.96
-8.47
-7.93
-7.47
-7.13
-6.78
-6.47
-6.21
-5.82
-5.52
-5.13
-5.02
-4.52
-4.41
-3.91
-3.83
-3.41
-3.29
-3.06
-2.83
-2.72
-2.34
-2.49
-2.38
-2.41
-2.87
-3.06
-3.37
-3.52
-3.52
-3.95
-4.60
-5.25
-6.01
-6.82
-7.81
-8.96
-10.15
-11.30
-12.45
-13.68
-14.60
-15.48
-16.24
-16.89
-17.12
-17.62
-17.66
-17.89
-17.89
-17.58
-17.43
-16.82
-16.36
-15.74
-15.25
-14.63
-14.14
-13.75
-12.87
-12.56
-11.30
-11.15
-10.69
-10.19
-9.81
-9.54
-9.23
-9.12
-8.93
-8.81
-8.66
-8.62
-8.62
-8.24
-8.08
-8.16
-7.97
-7.89
-7.85
-7.74
-7.74
-7.66
-7.74
-7.62
-7.70
-7.58
-7.62
-7.39
-7.35
-7.35
-7.20
-7.20
-7.16
-7.16
-7.13
-7.13
-7.20
-7.20
-7.16
-7.13
-7.35
-7.16
-7.35
-7.28
-7.39
-7.47
-7.62
-7.70
-7.70
-7.78
-7.74
-7.85
-7.78
-8.01
-8.01
-8.01
-7.97
