-24.48
-23.25
-20.84
-17.62
-15.05
-13.10
-12.49
-9.65
-8.31
-7.24
-6.44
-5.75
-5.36
-5.06
-4.75
-4.33
-4.33
-3.64
-3.37
-3.10
-3.03
-2.95
-3.22
-3.26
-3.29
-3.22
-3.10
-2.68
-2.34
-1.88
-1.53
-1.07
-0.88
-1.15
-2.22
-3.87
-7.58
-11.80
-16.51
-18.73
-20.49
-20.69
-23.29
-25.24
-25.17
-23.14
-20.84
-19.04
-18.46
-13.37
-11.19
-9.92
-8.47
-7.66
-6.78
-6.17
-5.71
-5.78
-5.13
-4.94
-4.83
-4.79
-4.33
-4.44
-4.64
-4.71
-4.79
-4.94
-5.06
-5.09
-4.98
-4.67
-4.64
-4.64
-4.44
-4.14
-3.95
-3.26
-3.41
-2.99
-1.92
-1.30
-1.26
-1.26
-5.67
-10.99
-16.78
-23.10
-23.10
-28.42
-27.89
-27.20
-24.67
-21.34
-17.20
-17.20
-11.22
-10.04
-8.08
-8.04
-7.66
-7.43
-7.28
-6.59
-5.82
-5.75
-5.44
-5.36
-5.48
-5.36
-5.21
-5.17
-5.09
-4.98
-4.83
-4.52
-3.91
-3.22
-3.41
-2.60
-2.60
-1.46
-0.19
0.08
0.23
0.15
-4.98
-11.15
-16.47
-20.57
-21.34
-23.02
-21.57
-20.92
-20.72
-19.42
-17.47
-16.89
-12.41
-10.15
-9.31
-8.12
-7.62
-7.32
-6.40
-5.44
-4.83
-4.41
-4.71
-4.75
-5.25
-5.44
-5.67
-6.17
-6.36
-6.09
-6.55
-6.21
-6.55
-5.67
-4.56
-4.14
-4.14
-1.11
0.00
0.23
1.57
1.99
-0.27
-4.60
-9.58
-16.32
-21.64
-23.21
-23.83
-23.98
-24.17
-23.67
-21.91
-17.43
-14.67
-12.83
-11.03
-9.73
-9.19
-7.20
-6.36
-5.44
-4.79
-4.75
-5.06
-4.29
-4.64
-5.55
-6.67
-6.70
-6.70
-6.90
-6.93
-6.59
-6.51
-6.32
-5.75
-5.13
-4.18
-3.56
-3.26
-2.18
-1.88
-1.38
-0.77
-0.50
0.19
0.38
-1.95
-5.63
-10.73
-16.24
-20.46
-22.83
-21.87
-19.65
-17.70
-16.97
-16.97
-15.40
-12.68
-11.11
-9.42
-8.24
-7.78
-7.78
-7.28
-6.74
-6.63
-6.90
-7.13
-7.47
-8.31
-8.39
-8.70
-9.08
-8.12
-7.05
-6.51
-6.74
-6.51
-6.44
-6.01
-6.01
-5.67
-6.24
-5.48
-5.13
-4.60
-4.18
-3.52
-4.33
-4.71
-8.08
-10.46
-15.40
-15.74
-16.36
-16.20
-16.93
-17.16
-17.66
-17.09
-16.05
-13.75
-12.11
-11.30
-9.62
-8.31
-7.39
-7.24
-7.97
-7.74
-9.50
-9.50
-9.39
-8.20
-4.87
-5.63
-5.82
-5.29
-4.29
-4.10
-3.87
-3.75
-3.33
-3.29
-3.10
-2.57
-2.53
-4.60
-4.90
-7.35
-8.24
-9.19
-9.50
-10.27
-11.80
-13.33
-15.09
-15.51
-15.55
-15.55
-14.17
-12.49
-10.61
-9.84
-9.31
-8.58
-8.27
-8.01
-7.81
-7.66
-7.58
-7.20
-7.24
-6.93
-6.44
-6.40
-5.25
-4.75
-3.98
-3.75
-3.83
-4.10
-4.21
-3.79
-3.45
-3.29
-3.37
-4.06
-4.83
-4.94
-7.78
-9.73
-11.15
-11.84
-11.99
-14.44
-16.01
-17.54
-18.27
-18.04
-17.43
-16.09
-14.79
-13.33
-12.07
-10.69
-10.07
-9.65
-9.50
-9.50
-8.73
-7.93
-7.16
-7.13
-7.97
-8.20
-7.93
-7.51
-7.35
-7.28
-7.85
-8.20
-7.70
-5.90
-5.29
-4.67
-4.67
-4.64
-4.18
-4.21
-3.33
-3.33
-3.98
-3.18
-2.80
-2.72
-2.64
-6.01
-9.08
-11.88
-14.90
-15.44
-18.66
-18.92
-18.85
-18.27
-17.54
-16.32
-16.47
-13.75
-12.11
-10.04
-8.39
-7.85
-7.43
-6.70
-6.59
-6.17
-6.21
-5.98
-5.98
-5.82
-5.67
-5.52
-5.78
-5.78
-4.64
-4.64
-5.40
-5.36
-5.09
-5.52
-5.55
-5.63
-5.48
-5.59
-5.52
-6.05
-6.21
-8.85
-11.22
-12.91
-13.60
-13.60
-13.60
-14.21
-14.37
-14.48
-15.40
-14.82
-14.86
-13.41
-12.11
-10.80
-9.77
-9.12
-8.89
-8.43
-8.35
-8.16
-8.01
-7.74
-7.55
-6.97
-6.97
-6.59
-6.47
-6.24
-5.90
-5.63
-5.59
-5.59
-5.40
-4.67
-4.25
-3.91
-3.49
-4.18
-5.44
-7.09
-8.04
-8.96
-9.69
-9.62
-9.69
-9.62
-10.69
-11.65
-12.76
-13.18
-13.83
-14.67
-15.05
-14.14
-12.87
-12.45
-11.38
-10.65
-10.34
-10.15
-9.62
-9.04
-8.62
-8.27
-7.81
-7.70
-7.39
-7.16
-6.90
-6.70
-6.82
-6.90
-7.01
-6.74
-6.78
-6.67
-6.55
-5.75
-5.78
-5.25
-4.94
-4.64
-4.71
-4.52
-4.60
-5.17
-6.82
-8.01
-9.65
-11.07
-11.76
-11.53
-11.34
-11.34
-10.88
-10.92
-11.34
-10.96
-10.65
-10.23
-10.19
-10.23
-9.58
-8.85
-8.50
-8.43
-8.31
-8.08
-7.74
-7.62
-7.62
-7.58
-7.70
-7.70
-7.28
-7.24
-6.93
-6.78
-6.63
-6.36
-6.09
-6.28
-5.71
-5.44
-4.94
-4.87
-4.02
-3.52
-3.18
-2.95
-2.91
-2.34
-2.95
-6.01
-8.24
-10.42
-12.91
-14.21
-13.94
-16.89
-19.46
-19.77
-19.80
-20.00
-19.50
-17.97
-16.51
-15.13
-13.52
-12.56
-11.84
-11.07
-10.11
-9.31
-8.50
-7.78
-7.24
-6.78
-6.40
-5.48
-5.13
-5.06
-5.09
-4.83
-5.13
-4.41
-4.18
-3.91
-3.91
-4.18
-3.83
-3.29
-3.52
-3.56
-3.03
-2.95
-3.03
-4.10
-4.25
-7.85
-11.65
-15.32
-18.35
-19.08
-18.92
-18.62
-19.00
-19.38
-19.27
-17.62
-16.01
-14.33
-12.60
-11.34
-9.84
-8.89
-7.81
-6.78
-6.24
-5.98
-5.63
-5.44
-4.87
-4.79
-4.37
-4.21
-4.10
-3.72
-3.29
-3.14
-2.49
-2.30
-2.18
-2.11
-1.99
-2.07
-2.76
-3.18
-4.52
-6.78
-9.19
-12.03
-15.55
-18.54
-21.38
-22.29
-23.21
-22.79
-21.18
-19.54
-17.58
-15.44
-13.75
-11.84
-10.07
-9.39
-8.39
-7.74
-7.55
-7.55
-6.82
-6.28
-5.94
-5.55
-5.09
-4.56
-3.83
-3.52
-2.83
-3.29
-4.06
-3.98
-3.91
-3.75
-3.49
-3.22
-2.26
-1.95
-1.46
-1.11
-2.07
-4.18
-6.59
-8.85
-13.37
-15.71
-19.00
-20.00
-21.99
-23.33
-23.10
-22.18
-20.80
-18.46
-15.71
-13.71
-11.68
-11.11
-10.57
-9.88
-8.35
-8.35
-6.97
-6.36
-5.94
-5.21
-5.09
-4.48
-4.64
-4.41
-4.14
-4.02
-3.68
-3.22
-2.95
-2.72
-2.41
-2.72
-2.53
-2.38
-2.91
-3.18
-3.33
-3.56
-4.33
-5.09
-7.62
-10.30
-13.98
-17.58
-21.11
-21.84
-23.60
-23.75
-23.21
-21.30
-18.92
-16.17
-13.06
-10.96
-8.93
-8.27
-7.85
-7.51
-7.43
-7.01
-6.78
-6.51
-6.51
-6.32
-6.05
-5.90
-5.55
-5.44
-5.36
-4.83
-4.90
-4.60
-4.41
-4.10
-3.91
-4.02
-3.64
-3.60
-3.45
-3.72
-3.52
-3.91
-3.95
-4.52
-5.44
-6.21
-8.20
-11.80
-14.44
-16.51
-20.49
-20.99
-20.99
-22.98
-22.64
-21.61
-19.54
-16.47
-12.79
-11.95
-9.54
-9.00
-7.74
-7.58
-7.32
-7.13
-7.01
-6.59
-6.32
-6.32
-5.86
-5.82
-6.09
-5.86
-5.82
-5.13
-4.98
-4.83
-4.56
-4.41
-4.33
-4.25
-4.29
-4.10
-4.02
-4.21
-4.60
-5.48
-7.39
-9.54
-13.56
-16.05
-18.04
-19.88
-19.96
-20.53
-19.92
-18.66
-16.66
-14.17
-11.88
-11.38
-9.16
-7.97
-7.13
-6.70
-6.70
-6.28
-6.32
-6.51
-6.24
-6.24
-6.21
-6.82
-7.43
-7.81
-8.04
-8.39
-8.47
-8.27
-8.16
-8.08
-8.04
-8.16
-7.97
-7.62
-6.93
-6.32
-5.59
-4.48
-4.10
-3.60
-3.45
-2.18
-1.15
-0.38
-0.08
-1.19
-5.82
-10.88
-17.12
-22.95
-24.36
-23.56
-23.14
-23.56
-22.49
-20.03
-15.97
-13.48
-11.30
-9.69
-8.27
-7.85
-6.01
-4.83
-4.44
-3.68
-3.64
-2.64
-2.38
-2.22
-2.34
-2.38
-2.91
-3.22
-3.41
-3.41
-3.45
-3.33
-3.10
-3.18
-3.29
-3.68
-3.56
-3.45
-3.14
-3.52
-6.59
-9.04
-14.33
-17.51
-20.46
-23.90
-25.55
-27.43
-27.77
-26.01
-23.48
-20.23
-16.82
-14.29
-11.80
-10.27
-8.85
-7.32
-5.78
-4.67
-3.52
-3.18
-2.99
-2.87
-2.53
-2.41
-2.03
-2.15
-1.95
-2.22
-2.57
-2.76
-2.99
-3.03
-3.26
-3.45
-3.26
-3.14
-3.14
-2.72
-2.49
-2.49
-2.49
-4.14
-6.90
-10.99
-16.32
-21.30
-22.68
-25.05
-26.13
-25.97
-24.71
-22.68
-19.23
-16.51
-13.64
-11.49
-9.69
-8.31
-7.47
-6.78
-6.09
-5.67
-5.44
-3.64
-2.80
-2.03
-1.69
-1.72
-1.69
-2.38
-2.60
-2.83
-2.99
-3.33
-3.49
-3.56
-3.22
-3.03
-2.83
-2.99
-3.75
-4.71
-6.05
-7.16
-7.43
-7.78
-8.12
-9.16
-10.30
-13.52
-15.21
-18.77
-19.80
-23.94
-24.10
-22.98
-20.65
-18.39
-16.09
-13.56
-11.53
-9.88
-8.54
-7.74
-7.32
-5.94
-5.55
-4.83
-4.60
-4.60
-3.95
-3.37
-3.14
-3.45
-4.37
-4.83
-5.36
-5.32
-5.17
-5.02
-4.94
-4.94
-4.83
-4.52
-4.67
-4.90
-5.09
-5.29
-5.55
-5.32
-5.36
-5.21
-4.87
-4.21
-3.14
-3.03
-4.52
-7.85
-12.22
-18.54
-21.64
-22.52
-24.29
-25.78
-26.01
-23.48
-19.80
-16.86
-12.95
-10.80
-9.54
-9.16
-7.51
-6.67
-5.98
-5.63
-5.75
-4.79
-4.02
-3.72
-3.14
-3.26
-3.33
-3.52
-3.98
-4.29
-4.29
-4.18
-4.02
-3.60
-3.26
-3.03
-3.06
-2.72
-2.68
-2.60
-2.30
-2.34
-2.80
-3.91
-5.55
-11.42
-16.93
-22.95
-25.28
-25.78
-27.16
-26.59
-23.64
-20.26
-16.63
-14.02
-12.07
-10.57
-9.69
-8.39
-7.78
-6.97
-6.32
-5.67
-5.17
-4.79
-4.41
-4.37
-4.56
-4.75
-4.79
-4.87
-5.09
-5.36
-5.09
-5.02
-4.60
-4.21
-3.79
-3.26
-3.03
-2.87
-2.45
-2.15
-1.76
-1.95
-2.34
-4.37
-7.47
-11.07
-11.07
-21.34
-25.24
-26.59
-27.43
-26.05
-23.18
-22.33
-15.48
-12.45
-10.69
-9.77
-9.16
-8.39
-7.51
-7.01
-6.47
-5.98
-5.78
-5.09
-4.87
-4.60
-4.44
-4.48
-4.64
-4.67
-4.71
-4.60
-4.14
-3.72
-3.37
-3.14
-2.60
-2.41
-2.34
-2.76
-3.18
-3.10
-4.79
-7.51
-9.58
-11.99
-16.55
-19.73
-23.75
-25.13
-25.05
-24.33
-21.72
-17.93
-15.02
-12.18
-10.46
-9.39
-8.66
-8.01
-7.74
-7.28
-6.86
-6.74
-6.28
-6.01
-5.52
-5.17
-5.25
-5.02
-5.17
-5.25
-5.29
-5.25
-5.06
-4.64
-4.10
-3.72
-3.29
-3.06
-2.99
-3.22
-2.99
-3.56
-4.06
-4.64
-4.41
-4.87
-5.78
-9.27
-16.86
-21.22
-22.49
-23.67
-25.17
-24.59
-21.95
-18.81
-16.32
-13.94
-11.38
-10.04
-8.85
-8.08
-7.55
-7.47
-6.93
-6.70
-6.36
-5.63
-5.25
-5.02
-4.98
-4.94
-4.79
-4.98
-4.79
-4.48
-4.41
-4.14
-3.75
-3.60
-3.26
-2.83
-2.68
-2.83
-3.03
-3.26
-3.26
-4.10
-4.90
-5.94
-7.32
-8.47
-15.13
-19.84
-21.61
-22.79
-22.87
-23.06
-21.03
-18.54
-15.51
-13.64
-11.42
-10.34
-9.35
-8.39
-7.85
-7.62
-7.58
-7.47
-7.20
-6.78
-6.17
-5.82
-5.63
-5.55
-5.36
-5.32
-5.25
-5.25
-5.13
-4.71
-4.29
-4.25
-3.41
-2.68
-2.07
-1.76
-1.99
-2.26
-4.21
-5.13
-6.44
-8.01
-11.22
-14.29
-18.12
-21.07
-21.76
-23.33
-23.52
-22.03
-18.96
-16.28
-13.83
-13.33
-10.19
-9.08
-8.47
-7.62
-6.93
-6.63
-6.21
-5.67
-5.44
-4.94
-4.79
-4.87
-4.90
-5.13
-5.13
-5.06
-5.13
-5.09
-5.29
-5.25
-4.98
-4.71
-4.52
-4.37
-4.29
-3.98
-3.98
-3.56
-3.60
-4.33
-4.90
-6.32
-8.31
-10.96
-14.56
-14.82
-19.15
-20.80
-22.26
-22.64
-21.45
-18.92
-16.43
-13.83
-12.03
-10.42
-9.65
-8.70
-8.24
-8.08
-7.51
-7.09
-6.86
-6.32
-6.01
-5.75
-5.71
-5.25
-5.09
-4.94
-4.90
-4.83
-4.79
-4.71
-4.48
-4.25
-4.06
-3.98
-3.68
-3.45
-3.29
-2.68
-2.83
-2.91
-3.37
-4.02
-5.82
-7.51
-10.46
-13.41
-18.08
-17.39
-24.13
-24.98
-25.09
-23.14
-20.95
-18.43
-14.71
-12.72
-10.69
-9.65
-8.62
-7.85
-7.28
-6.36
-6.01
-5.52
-5.09
-4.94
-4.94
-4.98
-5.21
-5.36
-5.82
-5.90
-6.05
-5.82
-5.75
-5.13
-4.52
-4.02
-3.56
-3.52
-3.68
-3.68
-4.52
-4.90
-6.44
-7.01
-9.04
-11.03
-14.33
-18.89
-20.49
-21.45
-21.99
-21.72
-19.96
-18.20
-15.63
-13.75
-11.99
-10.88
-9.84
-9.12
-8.31
-7.32
-6.59
-5.78
-5.13
-4.64
-4.33
-3.87
-3.60
-3.52
-3.72
-4.14
-4.02
-4.52
-4.75
-4.71
-4.56
-4.44
-4.02
-3.87
-3.95
-4.02
-4.60
-5.06
-5.25
-6.93
-7.58
-9.84
-11.65
-13.94
-15.36
-17.31
-19.08
-20.38
-20.99
-20.92
-19.69
-18.43
-16.05
-14.40
-12.53
-12.53
-10.50
-9.42
-8.62
-7.51
-6.74
-6.09
-5.55
-5.09
-4.75
-4.71
-4.71
-4.83
-4.83
-5.06
-5.09
-4.83
-4.37
-4.33
-3.87
-3.64
-3.41
-3.26
-3.22
-3.18
-3.29
-3.52
-3.56
-4.25
-4.94
-5.17
-6.93
-9.42
-12.14
-14.56
-15.67
-18.73
-20.57
-21.99
-22.75
-22.29
-20.19
-19.57
-14.71
-11.95
-10.50
-9.12
-8.54
-8.16
-7.78
-7.39
-6.97
-6.47
-6.05
-5.48
-5.21
-4.98
-5.17
-5.29
-5.78
-5.90
-6.21
-6.44
-6.28
-5.98
-5.67
-5.17
-4.83
-4.41
-4.14
-4.18
-4.71
-4.71
-4.98
-5.63
-5.78
-6.13
-6.21
-7.20
-8.31
-11.49
-15.67
-16.82
-22.52
-23.79
-23.98
-23.25
-21.61
-19.42
-18.62
-14.10
-11.57
-10.04
-8.62
-8.04
-7.35
-6.74
-6.28
-5.75
-5.21
-4.94
-4.71
-4.56
-4.41
-4.21
-4.14
-4.10
-4.44
-4.44
-4.41
-4.33
-4.33
-3.95
-3.95
-3.87
-3.56
-3.49
-3.72
-3.75
-3.75
-3.10
-2.49
-3.52
-5.21
-5.86
-12.56
-19.50
-24.29
-26.74
-27.70
-26.66
-23.60
-20.49
-16.82
-13.98
-11.45
-10.23
-9.50
-8.89
-8.31
-7.35
-6.40
-5.75
-5.29
-4.75
-4.37
-4.21
-3.95
-3.98
-4.10
-3.98
-4.29
-4.18
-4.18
-4.21
-4.02
-4.02
-3.75
-3.75
-3.72
-3.79
-3.72
-3.60
-4.44
-5.21
-7.05
-7.85
-14.02
-18.12
-20.57
-22.22
-22.56
-22.68
-21.26
-19.73
-16.97
-14.71
-12.72
-12.30
-9.54
-8.35
-7.58
-7.01
-6.28
-5.82
-5.17
-4.71
-4.06
-3.95
-4.02
-4.29
-4.60
-4.90
-4.87
-4.33
-3.95
-3.60
-3.49
-3.41
-2.76
-2.95
-3.64
-4.79
-5.75
-6.82
-8.62
-9.96
-10.99
-12.14
-14.37
-16.55
-18.81
-20.34
-20.61
-20.88
-20.11
-19.00
-16.89
-15.21
-13.79
-13.37
-10.84
-9.69
-8.93
-8.27
-7.85
-7.24
-6.70
-5.98
-5.21
-5.21
-4.02
-3.60
-3.41
-3.52
-3.60
-3.33
-3.29
-3.14
-2.99
-2.80
-2.26
-2.18
-2.72
-3.33
-3.49
-5.40
-6.21
-7.16
-7.43
-8.27
-9.54
-12.22
-15.13
-18.89
-19.38
-22.41
-23.02
-22.68
-20.88
-19.00
-17.12
-14.40
-12.26
-10.61
-9.54
-8.47
-7.85
-7.24
-6.24
-5.78
-5.13
-4.98
-4.48
-4.41
-4.56
-4.60
-4.79
-4.79
-4.75
-4.48
-4.33
-4.33
-4.14
-4.10
-4.10
-4.10
-4.14
-4.37
-4.18
-4.37
-4.56
-4.48
-5.71
-8.08
-10.73
-14.75
-15.67
-20.92
-22.45
-23.44
-23.41
-21.80
-19.65
-19.12
-14.06
-11.80
-10.50
-9.35
-8.85
-8.27
-7.47
-6.82
-5.86
-5.32
-4.64
-4.18
-3.60
-3.56
-3.79
-4.06
-4.25
-4.29
-4.25
-4.14
-4.02
-3.98
-4.02
-4.56
-4.48
-4.87
-5.13
-5.48
-5.59
-5.52
-6.28
-6.09
-6.67
-7.58
-10.30
-13.41
-17.74
-19.77
-22.79
-23.94
-23.94
-21.84
-19.88
-17.58
-15.28
-12.76
-11.19
-9.96
-8.62
-8.04
-7.24
-6.74
-6.32
-5.52
-5.06
-4.48
-4.14
-3.95
-3.98
-4.25
-4.64
-4.52
-4.37
-4.33
-4.06
-3.95
-3.87
-3.22
-3.37
-3.72
-4.21
-4.41
-5.59
-6.51
-6.74
-7.09
-7.05
-6.44
-8.77
-10.73
-13.10
-13.68
-18.81
-20.72
-22.29
-23.60
-23.06
-21.49
-20.99
-16.32
-13.79
-12.33
-10.96
-9.96
-9.08
-8.24
-7.70
-7.01
-6.44
-5.78
-5.21
-4.75
-4.41
-4.06
-3.98
-4.10
-4.06
-3.91
-3.98
-3.72
-3.41
-3.33
-3.06
-2.87
-2.57
-2.72
-2.83
-3.41
-3.41
-4.71
-5.09
-5.55
-6.21
-6.59
-10.65
-14.14
-17.81
-22.75
-24.98
-25.78
-24.98
-23.37
-20.00
-16.59
-13.68
-13.10
-10.30
-9.31
-8.66
-7.97
-7.32
-6.74
-6.01
-5.25
-4.75
-4.37
-3.95
-3.41
-3.68
-3.68
-4.06
-3.87
-3.83
-3.45
-3.33
-3.10
-2.53
-2.26
-2.15
-1.80
-1.65
-1.65
-3.60
-5.55
-7.43
-7.85
-10.88
-12.64
-14.25
-15.97
-18.35
-20.11
-22.33
-23.06
-22.56
-21.26
-19.04
-19.04
-14.90
-12.87
-11.84
-10.57
-9.73
-9.16
-8.73
-8.24
-7.62
-7.55
-6.59
-6.01
-5.32
-5.06
-4.75
-4.56
-4.41
-4.02
-3.87
-3.56
-2.99
-2.26
-1.72
-1.65
-2.11
-2.11
-2.72
-3.37
-3.68
-3.79
-4.33
-5.17
-6.32
-8.35
-10.23
-12.83
-16.17
-18.69
-20.92
-22.14
-22.75
-22.52
-21.41
-19.08
-16.78
-14.17
-12.56
-11.26
-10.19
-9.65
-9.16
-8.62
-8.16
-8.08
-7.05
-6.55
-6.21
-6.09
-6.05
-5.75
-5.98
-6.21
-6.40
-6.40
-6.36
-6.28
-5.75
-5.52
-4.60
-4.56
-3.95
-3.72
-3.60
-3.10
-2.76
-2.26
-1.80
-2.11
-3.68
-6.13
-10.73
-14.67
-18.31
-22.18
-23.25
-22.41
-21.80
-19.31
-17.09
-14.82
-12.37
-11.65
-10.50
-9.62
-8.58
-8.58
-7.35
-6.67
-6.32
-6.40
-6.40
-6.63
-6.59
-6.67
-6.74
-6.82
-7.09
-7.13
-7.89
-8.16
